# File containing condensed background data for : 
# Geometry : ./geom/COMCUBE_v15.geo.setup
# Revan file : ./cfgs/revanv1.cfg
# Mimrec file : ./cfgs/mimrec10-1000single.cfg
# Simulation time : 3600.0
# Latitude min-max-number of value : -90.0-90.0-91
# Altitude list : [400.0, 500.0]
# Keys : dec | alt | compton_cr | single_cr
NewBkg
180.0
400.0
21.298055555555557
1253.6825
1509775
527625
2629203
4666603
NewBkg
178.0
400.0
21.450555555555557
1253.9616666666666
1511068
528451
2629187
4668706
NewBkg
176.0
400.0
21.525555555555556
1252.868888888889
1510471
527910
2626931
4665312
NewBkg
174.0
400.0
21.330555555555556
1253.3844444444444
1512256
528637
2624871
4665764
NewBkg
172.0
400.0
21.302222222222223
1254.3491666666666
1513377
527819
2627837
4669033
NewBkg
170.0
400.0
21.455277777777777
1253.5086111111111
1510179
528751
2628179
4667109
NewBkg
168.0
400.0
21.32611111111111
1253.2572222222223
1511467
527455
2626352
4665274
NewBkg
166.0
400.0
21.283333333333335
1252.1886111111112
1510763
527147
2623209
4661119
NewBkg
164.0
400.0
21.2825
1252.6405555555555
1510421
527567
2624752
4662740
NewBkg
162.0
400.0
21.33972222222222
1253.6358333333333
1510420
528680
2627635
4666735
NewBkg
160.0
400.0
21.363611111111112
1253.1097222222222
1511029
528665
2625319
4665013
NewBkg
158.0
400.0
21.186944444444446
1252.6719444444445
1509381
527592
2625192
4662165
NewBkg
156.0
400.0
21.308611111111112
1251.0313888888888
1507615
527138
2622382
4657135
NewBkg
154.0
400.0
21.115833333333335
1251.1030555555556
1508266
526701
2621038
4656005
NewBkg
152.0
400.0
21.12388888888889
1247.983888888889
1501272
527462
2616100
4644834
NewBkg
150.0
400.0
21.0075
1244.8283333333334
1498214
525962
2608460
4632636
NewBkg
148.0
400.0
20.751666666666665
1240.2277777777779
1490490
524490
2599252
4614232
NewBkg
146.0
400.0
20.327222222222222
1232.9294444444445
1477942
522399
2584561
4584902
NewBkg
144.0
400.0
20.012777777777778
1224.726111111111
1463099
521409
2568598
4553106
NewBkg
142.0
400.0
19.475
1215.5616666666667
1449259
517630
2549353
4516242
NewBkg
140.0
400.0
18.868333333333332
1201.6580555555556
1427776
512941
2521104
4461821
NewBkg
138.0
400.0
18.355833333333333
1188.15
1405081
511049
2493372
4409502
NewBkg
136.0
400.0
17.586666666666666
1173.5991666666666
1380931
506687
2463963
4351581
NewBkg
134.0
400.0
16.893333333333334
1156.7719444444444
1355171
502828
2428012
4286011
NewBkg
132.0
400.0
16.084444444444443
1142.5027777777777
1330367
498181
2400270
4228818
NewBkg
130.0
400.0
15.309722222222222
1127.1627777777778
1303431
496278
2368307
4168016
NewBkg
128.0
400.0
14.7625
1113.1719444444445
1279353
493527
2340829
4113709
NewBkg
126.0
400.0
14.186666666666667
1099.6166666666666
1255679
492023
2313062
4060764
NewBkg
124.0
400.0
14.875555555555556
1093.7202777777777
1248768
492892
2302837
4044497
NewBkg
122.0
400.0
14.491666666666667
1083.265
1231298
491889
2280907
4004094
NewBkg
120.0
400.0
13.99388888888889
1072.6341666666667
1213810
490851
2257578
3962239
NewBkg
118.0
400.0
13.613888888888889
1065.4227777777778
1199773
488282
2245487
3933542
NewBkg
116.0
400.0
13.275555555555556
1056.6972222222223
1185286
486831
2227577
3899694
NewBkg
114.0
400.0
12.938888888888888
1048.8097222222223
1172190
486283
2210402
3868875
NewBkg
112.0
400.0
12.7175
1043.6677777777777
1162935
486219
2199616
3848770
NewBkg
110.0
400.0
12.453055555555556
1037.3058333333333
1151686
484195
2188082
3823963
NewBkg
108.0
400.0
12.239166666666666
1032.4394444444445
1146604
483446
2174854
3804904
NewBkg
106.0
400.0
15.401388888888889
1046.8663888888889
1178765
493433
2207411
3879609
NewBkg
104.0
400.0
15.202777777777778
1043.808888888889
1172223
493525
2201424
3867172
NewBkg
102.0
400.0
15.185277777777777
1040.6997222222221
1165695
492850
2197308
3855853
NewBkg
100.0
400.0
15.238611111111112
1038.8780555555556
1164052
493133
2192494
3849679
NewBkg
98.0
400.0
15.185555555555556
1037.1016666666667
1160686
492905
2189311
3842902
NewBkg
96.0
400.0
15.0
1036.0577777777778
1158712
493254
2185842
3837808
NewBkg
94.0
400.0
14.885277777777778
1034.0644444444445
1154482
492581
2182743
3829806
NewBkg
92.0
400.0
14.981388888888889
1033.6136111111111
1154811
493162
2180902
3828875
NewBkg
90.0
400.0
14.928333333333333
1034.151388888889
1155502
492467
2182460
3830429
NewBkg
88.0
400.0
14.84
1034.3211111111111
1155592
493013
2181799
3830404
NewBkg
86.0
400.0
14.9475
1035.4583333333333
1155739
493797
2185736
3835272
NewBkg
84.0
400.0
14.955
1036.0919444444444
1156992
492017
2188598
3837607
NewBkg
82.0
400.0
15.107222222222223
1037.9855555555555
1162037
493018
2190465
3845520
NewBkg
80.0
400.0
15.1275
1038.7569444444443
1162213
492665
2193565
3848443
NewBkg
78.0
400.0
15.189722222222223
1041.9180555555556
1168614
493324
2198333
3860271
NewBkg
76.0
400.0
15.301666666666666
1044.9758333333334
1175203
493045
2203837
3872085
NewBkg
74.0
400.0
15.350833333333334
1048.0702777777778
1179141
494802
2209636
3883579
NewBkg
72.0
400.0
12.405555555555555
1033.6280555555556
1146803
484811
2178767
3810381
NewBkg
70.0
400.0
12.59
1038.5405555555556
1156867
485240
2187287
3829394
NewBkg
68.0
400.0
12.78888888888889
1044.4669444444444
1163687
486633
2201841
3852161
NewBkg
66.0
400.0
13.133611111111112
1050.3080555555555
1176257
485940
2213474
3875671
NewBkg
64.0
400.0
13.4925
1056.4608333333333
1188532
488044
2223829
3900405
NewBkg
62.0
400.0
13.820277777777777
1065.6569444444444
1203606
488041
2244224
3935871
NewBkg
60.0
400.0
14.284444444444444
1074.2513888888889
1216815
491150
2262188
3970153
NewBkg
58.0
400.0
14.683055555555555
1085.681388888889
1239928
492411
2281832
4014171
NewBkg
56.0
400.0
15.250555555555556
1097.8025
1260487
494192
2307214
4061893
NewBkg
54.0
400.0
14.607777777777779
1103.3880555555556
1266735
492080
2318558
4077373
NewBkg
52.0
400.0
15.263055555555555
1117.4302777777777
1292161
494930
2345552
4132643
NewBkg
50.0
400.0
16.122777777777777
1133.326388888889
1321130
498790
2376139
4196059
NewBkg
48.0
400.0
17.020555555555557
1148.3958333333333
1346593
501541
2408639
4256773
NewBkg
46.0
400.0
17.99416666666667
1166.7658333333334
1378193
505353
2446369
4329915
NewBkg
44.0
400.0
18.956944444444446
1183.9791666666667
1408842
509681
2480292
4398815
NewBkg
42.0
400.0
19.859444444444446
1198.2102777777777
1434988
514252
2507305
4456545
NewBkg
40.0
400.0
20.776944444444446
1214.0613888888888
1464277
518948
2536990
4520215
NewBkg
38.0
400.0
21.739166666666666
1229.1766666666667
1489118
523170
2569270
4581558
NewBkg
36.0
400.0
22.335277777777776
1241.8716666666667
1512296
526389
2592867
4631552
NewBkg
34.0
400.0
23.090555555555557
1251.8702777777778
1531115
528397
2613473
4672985
NewBkg
32.0
400.0
23.438055555555554
1258.9319444444445
1544029
532335
2624545
4700909
NewBkg
30.0
400.0
23.960833333333333
1265.0641666666668
1556055
533187
2637507
4726749
NewBkg
28.0
400.0
24.110277777777778
1270.7066666666667
1566529
534842
2646767
4748138
NewBkg
26.0
400.0
24.3825
1273.0088888888888
1571992
535162
2651232
4758386
NewBkg
24.0
400.0
24.643333333333334
1275.0483333333334
1578144
535660
2653802
4767606
NewBkg
22.0
400.0
25.005
1277.6397222222222
1581775
537789
2659975
4779539
NewBkg
20.0
400.0
24.990555555555556
1277.9194444444445
1583185
538123
2659134
4780442
NewBkg
18.0
400.0
24.993055555555557
1278.7780555555555
1585280
537849
2660422
4783551
NewBkg
16.0
400.0
24.982777777777777
1279.1133333333332
1583467
537804
2663413
4784684
NewBkg
14.0
400.0
25.156944444444445
1280.1105555555555
1589503
537487
2662538
4789528
NewBkg
12.0
400.0
25.20611111111111
1279.3133333333333
1586469
538037
2662506
4787012
NewBkg
10.0
400.0
25.08388888888889
1279.41
1586258
537976
2662246
4786480
NewBkg
8.0
400.0
25.220833333333335
1280.3855555555556
1588478
538522
2663978
4790978
NewBkg
6.0
400.0
25.282777777777778
1279.9769444444444
1590624
537987
2661342
4789953
NewBkg
4.0
400.0
25.283333333333335
1279.923888888889
1589085
537860
2662821
4789766
NewBkg
2.0
400.0
25.16888888888889
1281.9825
1591272
538000
2667081
4796353
NewBkg
0.0
400.0
25.1825
1280.6325
1590642
537098
2663851
4791591
NewBkg
180.0
500.0
21.18138888888889
1266.2486111111111
1518042
539604
2653355
4711001
NewBkg
178.0
500.0
21.256944444444443
1266.7355555555555
1520255
541855
2651188
4713298
NewBkg
176.0
500.0
21.259166666666665
1266.9161111111111
1518264
541486
2654214
4713964
NewBkg
174.0
500.0
21.2075
1267.423888888889
1520230
540853
2654337
4715420
NewBkg
172.0
500.0
21.144166666666667
1267.2416666666666
1520047
540498
2653763
4714308
NewBkg
170.0
500.0
21.389722222222222
1266.5005555555556
1518112
541699
2653597
4713408
NewBkg
168.0
500.0
21.189722222222223
1266.1230555555555
1519372
539438
2651799
4710609
NewBkg
166.0
500.0
21.22277777777778
1266.5638888888889
1518686
541806
2651942
4712434
NewBkg
164.0
500.0
21.2725
1267.6525
1520076
541410
2655225
4716711
NewBkg
162.0
500.0
21.188055555555554
1266.6416666666667
1516317
541625
2654522
4712464
NewBkg
160.0
500.0
21.266944444444444
1266.2588888888888
1517474
540755
2653425
4711654
NewBkg
158.0
500.0
21.2175
1266.2005555555556
1517544
541126
2652418
4711088
NewBkg
156.0
500.0
21.191666666666666
1265.3861111111112
1517036
540482
2650452
4707970
NewBkg
154.0
500.0
21.144166666666667
1264.5008333333333
1515394
539490
2649557
4704441
NewBkg
152.0
500.0
21.092777777777776
1261.12
1511731
539490
2640679
4691900
NewBkg
150.0
500.0
20.850833333333334
1259.7302777777777
1507287
537843
2640025
4685155
NewBkg
148.0
500.0
20.685833333333335
1254.9663888888888
1497954
537595
2631268
4666817
NewBkg
146.0
500.0
20.443055555555556
1248.31
1488621
534948
2617537
4641106
NewBkg
144.0
500.0
20.005277777777778
1240.4077777777777
1476428
533623
2599455
4609506
NewBkg
142.0
500.0
19.586111111111112
1230.8402777777778
1459848
530567
2581630
4572045
NewBkg
140.0
500.0
19.0075
1217.7511111111112
1439455
526454
2554849
4520758
NewBkg
138.0
500.0
18.389166666666668
1204.8461111111112
1418749
523469
2527630
4469848
NewBkg
136.0
500.0
17.586388888888887
1190.9105555555554
1394936
518476
2500488
4413900
NewBkg
134.0
500.0
16.924166666666668
1176.7913888888888
1370247
516928
2471128
4358303
NewBkg
132.0
500.0
16.252222222222223
1161.4291666666666
1346099
512476
2439586
4298161
NewBkg
130.0
500.0
15.551666666666666
1147.418888888889
1322226
510677
2409777
4242680
NewBkg
128.0
500.0
14.93138888888889
1131.9797222222223
1296519
506631
2379483
4182633
NewBkg
126.0
500.0
14.200555555555555
1118.7152777777778
1272063
504205
2353351
4129619
NewBkg
124.0
500.0
13.655555555555555
1107.625
1255475
501100
2329195
4085770
NewBkg
122.0
500.0
14.498888888888889
1104.0594444444444
1250698
504760
2323548
4079006
NewBkg
120.0
500.0
14.053611111111111
1094.4488888888889
1234780
503178
2303244
4041202
NewBkg
118.0
500.0
13.722777777777777
1084.2813888888888
1218124
501485
2282608
4002217
NewBkg
116.0
500.0
13.358888888888888
1077.3875
1205583
499952
2269244
3974779
NewBkg
114.0
500.0
13.080555555555556
1069.1866666666667
1193656
498230
2251366
3943252
NewBkg
112.0
500.0
12.905
1063.7827777777777
1182961
499811
2239762
3922534
NewBkg
110.0
500.0
12.549722222222222
1058.3466666666666
1174622
497075
2228709
3900406
NewBkg
108.0
500.0
12.572222222222223
1053.1455555555556
1164959
497442
2219443
3881844
NewBkg
106.0
500.0
12.3175
1048.9533333333334
1157519
496277
2211122
3864918
NewBkg
104.0
500.0
15.6875
1064.8513888888888
1193311
507742
2245362
3946415
NewBkg
102.0
500.0
15.348055555555556
1061.121111111111
1187916
506424
2236202
3930542
NewBkg
100.0
500.0
15.305277777777778
1059.2813888888888
1185317
505502
2232792
3923611
NewBkg
98.0
500.0
15.191666666666666
1057.9108333333334
1179526
506938
2231395
3917859
NewBkg
96.0
500.0
15.172777777777778
1057.0844444444444
1178976
506626
2229146
3914748
NewBkg
94.0
500.0
15.027777777777779
1055.3338888888889
1176101
505674
2225627
3907402
NewBkg
92.0
500.0
15.055833333333334
1054.8925
1176977
504221
2224817
3906015
NewBkg
90.0
500.0
15.098611111111111
1053.7427777777777
1174037
506385
2221762
3902184
NewBkg
88.0
500.0
14.991111111111111
1054.1275
1174985
504617
2223193
3902795
NewBkg
86.0
500.0
15.122777777777777
1055.1947222222223
1178386
505898
2223301
3907585
NewBkg
84.0
500.0
15.11
1056.235
1178493
505778
2226967
3911238
NewBkg
82.0
500.0
15.216666666666667
1059.0191666666667
1181891
505562
2234576
3922029
NewBkg
80.0
500.0
15.301111111111112
1060.2983333333334
1185756
505381
2236105
3927242
NewBkg
78.0
500.0
15.3425
1062.2127777777778
1188538
506529
2239365
3934432
NewBkg
76.0
500.0
15.461666666666666
1065.0997222222222
1193032
507640
2245011
3945683
NewBkg
74.0
500.0
12.351111111111111
1050.4775
1159807
498024
2212816
3870647
NewBkg
72.0
500.0
12.5225
1054.4941666666666
1168486
497263
2220592
3886341
NewBkg
70.0
500.0
12.75388888888889
1058.973888888889
1174957
498104
2231073
3904134
NewBkg
68.0
500.0
12.927777777777777
1064.5119444444445
1184087
499640
2241596
3925323
NewBkg
66.0
500.0
13.277777777777779
1070.7480555555555
1197517
499354
2253422
3950293
NewBkg
64.0
500.0
13.572777777777778
1077.2577777777778
1208109
501119
2266624
3975852
NewBkg
62.0
500.0
14.024722222222222
1086.21
1222809
502641
2285884
4011334
NewBkg
60.0
500.0
14.41
1095.6933333333334
1240860
505608
2301780
4048248
NewBkg
58.0
500.0
14.979166666666666
1106.3072222222222
1259504
505114
2325938
4090556
NewBkg
56.0
500.0
14.159166666666666
1111.4833333333333
1265698
504814
2332774
4103286
NewBkg
54.0
500.0
14.714722222222223
1123.6372222222221
1285543
505993
2359504
4151040
NewBkg
52.0
500.0
15.517777777777777
1137.6430555555555
1311749
507440
2388054
4207243
NewBkg
50.0
500.0
16.253611111111113
1153.1238888888888
1338220
512096
2417956
4268272
NewBkg
48.0
500.0
17.165555555555557
1168.398888888889
1365410
516307
2448111
4329828
NewBkg
46.0
500.0
18.025277777777777
1184.0933333333332
1393589
519534
2479395
4392518
NewBkg
44.0
500.0
19.122222222222224
1200.4669444444444
1423565
522457
2513339
4459361
NewBkg
42.0
500.0
19.79083333333333
1216.7408333333333
1451392
526506
2544863
4522761
NewBkg
40.0
500.0
20.788055555555555
1233.1991666666668
1478593
532633
2577965
4589191
NewBkg
38.0
500.0
21.51222222222222
1246.5972222222222
1504004
535879
2602755
4642638
NewBkg
36.0
500.0
22.264722222222222
1257.4258333333332
1522220
539544
2625275
4687039
NewBkg
34.0
500.0
22.94611111111111
1266.1586111111112
1540408
543337
2639638
4723383
NewBkg
32.0
500.0
23.48111111111111
1274.118888888889
1554738
546417
2654737
4755892
NewBkg
30.0
500.0
23.907777777777778
1278.6922222222222
1564903
546786
2663739
4775428
NewBkg
28.0
500.0
23.923055555555557
1283.3483333333334
1573451
546731
2672118
4792300
NewBkg
26.0
500.0
24.3425
1287.8191666666667
1581794
548961
2680660
4811415
NewBkg
24.0
500.0
24.561666666666667
1288.7877777777778
1583631
548373
2684476
4816480
NewBkg
22.0
500.0
24.531666666666666
1291.1972222222223
1588778
549760
2686400
4824938
NewBkg
20.0
500.0
24.924722222222222
1291.0908333333334
1591433
550066
2685886
4827385
NewBkg
18.0
500.0
24.935833333333335
1292.1788888888889
1592082
550607
2688693
4831382
NewBkg
16.0
500.0
24.91583333333333
1292.4333333333334
1594060
550591
2687503
4832154
NewBkg
14.0
500.0
25.032222222222224
1293.8152777777777
1595345
551316
2691306
4837967
NewBkg
12.0
500.0
24.981944444444444
1294.0391666666667
1596663
550995
2690753
4838411
NewBkg
10.0
500.0
25.287777777777777
1293.3491666666666
1597311
550050
2690768
4838129
NewBkg
8.0
500.0
25.0475
1293.471388888889
1594445
550291
2692103
4836839
NewBkg
6.0
500.0
25.104444444444443
1294.2458333333334
1598849
550805
2690383
4840037
NewBkg
4.0
500.0
25.384166666666665
1294.2208333333333
1599132
552111
2690718
4841961
NewBkg
2.0
500.0
25.08222222222222
1293.7902777777779
1597647
551128
2689462
4838237
NewBkg
0.0
500.0
25.189166666666665
1294.5927777777779
1598497
549486
2693913
4841896
