EkeV          Fluxele
  1.0058E+03  3.1075E-06
  1.0174E+03  3.1613E-06
  1.0292E+03  3.2161E-06
  1.0411E+03  3.2720E-06
  1.0532E+03  3.3290E-06
  1.0654E+03  3.3871E-06
  1.0777E+03  3.4463E-06
  1.0902E+03  3.5067E-06
  1.1028E+03  3.5682E-06
  1.1156E+03  3.6309E-06
  1.1285E+03  3.6948E-06
  1.1416E+03  3.7600E-06
  1.1548E+03  3.8265E-06
  1.1682E+03  3.8943E-06
  1.1817E+03  3.9634E-06
  1.1954E+03  4.0338E-06
  1.2092E+03  4.1056E-06
  1.2232E+03  4.1789E-06
  1.2374E+03  4.2535E-06
  1.2517E+03  4.3297E-06
  1.2662E+03  4.4074E-06
  1.2809E+03  4.4866E-06
  1.2957E+03  4.5673E-06
  1.3107E+03  4.6497E-06
  1.3259E+03  4.7337E-06
  1.3412E+03  4.8193E-06
  1.3568E+03  4.9067E-06
  1.3725E+03  4.9958E-06
  1.3884E+03  5.0867E-06
  1.4044E+03  5.1794E-06
  1.4207E+03  5.2740E-06
  1.4371E+03  5.3704E-06
  1.4538E+03  5.4688E-06
  1.4706E+03  5.5692E-06
  1.4876E+03  5.6715E-06
  1.5049E+03  5.7760E-06
  1.5223E+03  5.8825E-06
  1.5399E+03  5.9912E-06
  1.5578E+03  6.1021E-06
  1.5758E+03  6.2152E-06
  1.5940E+03  6.3306E-06
  1.6125E+03  6.4484E-06
  1.6312E+03  6.5685E-06
  1.6501E+03  6.6911E-06
  1.6692E+03  6.8161E-06
  1.6885E+03  6.9437E-06
  1.7080E+03  7.0740E-06
  1.7278E+03  7.2068E-06
  1.7478E+03  7.3424E-06
  1.7681E+03  7.4808E-06
  1.7885E+03  7.6219E-06
  1.8093E+03  7.7660E-06
  1.8302E+03  7.9130E-06
  1.8514E+03  8.0631E-06
  1.8728E+03  8.2162E-06
  1.8945E+03  8.3725E-06
  1.9165E+03  8.5320E-06
  1.9387E+03  8.6947E-06
  1.9611E+03  8.8609E-06
  1.9838E+03  9.0304E-06
  2.0068E+03  9.2035E-06
  2.0300E+03  9.3802E-06
  2.0535E+03  9.5605E-06
  2.0773E+03  9.7445E-06
  2.1014E+03  9.9323E-06
  2.1257E+03  1.0124E-05
  2.1503E+03  1.0320E-05
  2.1752E+03  1.0520E-05
  2.2004E+03  1.0724E-05
  2.2259E+03  1.0932E-05
  2.2516E+03  1.1144E-05
  2.2777E+03  1.1361E-05
  2.3041E+03  1.1583E-05
  2.3308E+03  1.1809E-05
  2.3578E+03  1.2040E-05
  2.3851E+03  1.2276E-05
  2.4127E+03  1.2516E-05
  2.4406E+03  1.2762E-05
  2.4689E+03  1.3013E-05
  2.4975E+03  1.3269E-05
  2.5264E+03  1.3531E-05
  2.5556E+03  1.3798E-05
  2.5852E+03  1.4070E-05
  2.6152E+03  1.4349E-05
  2.6455E+03  1.4633E-05
  2.6761E+03  1.4923E-05
  2.7071E+03  1.5219E-05
  2.7384E+03  1.5522E-05
  2.7701E+03  1.5831E-05
  2.8022E+03  1.6147E-05
  2.8347E+03  1.6469E-05
  2.8675E+03  1.6798E-05
  2.9007E+03  1.7134E-05
  2.9343E+03  1.7477E-05
  2.9682E+03  1.7828E-05
  3.0026E+03  1.8185E-05
  3.0374E+03  1.8551E-05
  3.0726E+03  1.8924E-05
  3.1081E+03  1.9305E-05
  3.1441E+03  1.9695E-05
  3.1805E+03  2.0092E-05
  3.2174E+03  2.0498E-05
  3.2546E+03  2.0913E-05
  3.2923E+03  2.1337E-05
  3.3304E+03  2.1769E-05
  3.3690E+03  2.2211E-05
  3.4080E+03  2.2663E-05
  3.4475E+03  2.3124E-05
  3.4874E+03  2.3594E-05
  3.5278E+03  2.4075E-05
  3.5686E+03  2.4567E-05
  3.6099E+03  2.5068E-05
  3.6517E+03  2.5581E-05
  3.6940E+03  2.6104E-05
  3.7368E+03  2.6639E-05
  3.7801E+03  2.7185E-05
  3.8238E+03  2.7743E-05
  3.8681E+03  2.8313E-05
  3.9129E+03  2.8895E-05
  3.9582E+03  2.9490E-05
  4.0041E+03  3.0097E-05
  4.0504E+03  3.0718E-05
  4.0973E+03  3.1352E-05
  4.1448E+03  3.1999E-05
  4.1928E+03  3.2661E-05
  4.2413E+03  3.3336E-05
  4.2904E+03  3.4027E-05
  4.3401E+03  3.4732E-05
  4.3904E+03  3.5452E-05
  4.4412E+03  3.6188E-05
  4.4926E+03  3.6940E-05
  4.5446E+03  3.7708E-05
  4.5973E+03  3.8493E-05
  4.6505E+03  3.9295E-05
  4.7044E+03  4.0114E-05
  4.7588E+03  4.0950E-05
  4.8139E+03  4.1805E-05
  4.8697E+03  4.2678E-05
  4.9261E+03  4.3571E-05
  4.9831E+03  4.4482E-05
  5.0408E+03  4.5413E-05
  5.0992E+03  4.6365E-05
  5.1582E+03  4.7337E-05
  5.2180E+03  4.8330E-05
  5.2784E+03  4.9344E-05
  5.3395E+03  5.0381E-05
  5.4013E+03  5.1440E-05
  5.4639E+03  5.2522E-05
  5.5271E+03  5.3627E-05
  5.5911E+03  5.4756E-05
  5.6559E+03  5.5910E-05
  5.7214E+03  5.7089E-05
  5.7876E+03  5.8294E-05
  5.8546E+03  5.9525E-05
  5.9224E+03  6.0782E-05
  5.9910E+03  6.2067E-05
  6.0604E+03  6.3379E-05
  6.1306E+03  6.4720E-05
  6.2015E+03  6.6090E-05
  6.2734E+03  6.7490E-05
  6.3460E+03  6.8921E-05
  6.4195E+03  7.0382E-05
  6.4938E+03  7.1875E-05
  6.5690E+03  7.3401E-05
  6.6451E+03  7.4959E-05
  6.7220E+03  7.6552E-05
  6.7999E+03  7.8179E-05
  6.8786E+03  7.9842E-05
  6.9582E+03  8.1540E-05
  7.0388E+03  8.3276E-05
  7.1203E+03  8.5049E-05
  7.2028E+03  8.6861E-05
  7.2862E+03  8.8712E-05
  7.3706E+03  9.0603E-05
  7.4559E+03  9.2535E-05
  7.5422E+03  9.4510E-05
  7.6296E+03  9.6527E-05
  7.7179E+03  9.8588E-05
  7.8073E+03  1.0069E-04
  7.8977E+03  1.0285E-04
  7.9891E+03  1.0504E-04
  8.0816E+03  1.0729E-04
  8.1752E+03  1.0958E-04
  8.2699E+03  1.1193E-04
  8.3657E+03  1.1432E-04
  8.4625E+03  1.1677E-04
  8.5605E+03  1.1927E-04
  8.6596E+03  1.2183E-04
  8.7599E+03  1.2444E-04
  8.8614E+03  1.2710E-04
  8.9640E+03  1.2983E-04
  9.0678E+03  1.3261E-04
  9.1728E+03  1.3546E-04
  9.2790E+03  1.3836E-04
  9.3864E+03  1.4133E-04
  9.4951E+03  1.4436E-04
  9.6051E+03  1.4746E-04
  9.7163E+03  1.5063E-04
  9.8288E+03  1.5386E-04
  9.9426E+03  1.5716E-04
  1.0058E+04  1.6054E-04
  1.0174E+04  1.6399E-04
  1.0292E+04  1.6751E-04
  1.0411E+04  1.7111E-04
  1.0532E+04  1.7479E-04
  1.0654E+04  1.7854E-04
  1.0777E+04  1.8238E-04
  1.0902E+04  1.8630E-04
  1.1028E+04  1.9030E-04
  1.1156E+04  1.9439E-04
  1.1285E+04  1.9857E-04
  1.1416E+04  2.0284E-04
  1.1548E+04  2.0720E-04
  1.1682E+04  2.1166E-04
  1.1817E+04  2.1621E-04
  1.1954E+04  2.2086E-04
  1.2092E+04  2.2561E-04
  1.2232E+04  2.3046E-04
  1.2374E+04  2.3541E-04
  1.2517E+04  2.4047E-04
  1.2662E+04  2.4564E-04
  1.2809E+04  2.5092E-04
  1.2957E+04  2.5632E-04
  1.3107E+04  2.6183E-04
  1.3259E+04  2.6746E-04
  1.3412E+04  2.7320E-04
  1.3568E+04  2.7908E-04
  1.3725E+04  2.8507E-04
  1.3884E+04  2.9120E-04
  1.4044E+04  2.9745E-04
  1.4207E+04  3.0384E-04
  1.4371E+04  3.1037E-04
  1.4538E+04  3.1703E-04
  1.4706E+04  3.2384E-04
  1.4876E+04  3.3079E-04
  1.5049E+04  3.3789E-04
  1.5223E+04  3.4514E-04
  1.5399E+04  3.5254E-04
  1.5578E+04  3.6011E-04
  1.5758E+04  3.6783E-04
  1.5940E+04  3.7571E-04
  1.6125E+04  3.8377E-04
  1.6312E+04  3.9199E-04
  1.6501E+04  4.0039E-04
  1.6692E+04  4.0896E-04
  1.6885E+04  4.1772E-04
  1.7080E+04  4.2666E-04
  1.7278E+04  4.3579E-04
  1.7478E+04  4.4511E-04
  1.7681E+04  4.5463E-04
  1.7885E+04  4.6435E-04
  1.8093E+04  4.7427E-04
  1.8302E+04  4.8440E-04
  1.8514E+04  4.9474E-04
  1.8728E+04  5.0530E-04
  1.8945E+04  5.1608E-04
  1.9165E+04  5.2709E-04
  1.9387E+04  5.3832E-04
  1.9611E+04  5.4980E-04
  1.9838E+04  5.6151E-04
  2.0068E+04  5.7346E-04
  2.0300E+04  5.8566E-04
  2.0535E+04  5.9812E-04
  2.0773E+04  6.1084E-04
  2.1014E+04  6.2382E-04
  2.1257E+04  6.3706E-04
  2.1503E+04  6.5059E-04
  2.1752E+04  6.6439E-04
  2.2004E+04  6.7848E-04
  2.2259E+04  6.9285E-04
  2.2516E+04  7.0753E-04
  2.2777E+04  7.2250E-04
  2.3041E+04  7.3779E-04
  2.3308E+04  7.5339E-04
  2.3578E+04  7.6930E-04
  2.3851E+04  7.8555E-04
  2.4127E+04  8.0212E-04
  2.4406E+04  8.1904E-04
  2.4689E+04  8.3630E-04
  2.4975E+04  8.5391E-04
  2.5264E+04  8.7188E-04
  2.5556E+04  8.9021E-04
  2.5852E+04  9.0892E-04
  2.6152E+04  9.2800E-04
  2.6455E+04  9.4748E-04
  2.6761E+04  9.6734E-04
  2.7071E+04  9.8761E-04
  2.7384E+04  1.0083E-03
  2.7701E+04  1.0294E-03
  2.8022E+04  1.0509E-03
  2.8347E+04  1.0728E-03
  2.8675E+04  1.0952E-03
  2.9007E+04  1.1180E-03
  2.9343E+04  1.1413E-03
  2.9682E+04  1.1651E-03
  3.0026E+04  1.1893E-03
  3.0374E+04  1.2140E-03
  3.0726E+04  1.2392E-03
  3.1081E+04  1.2649E-03
  3.1441E+04  1.2911E-03
  3.1805E+04  1.3178E-03
  3.2174E+04  1.3450E-03
  3.2546E+04  1.3728E-03
  3.2923E+04  1.4011E-03
  3.3304E+04  1.4300E-03
  3.3690E+04  1.4594E-03
  3.4080E+04  1.4894E-03
  3.4475E+04  1.5200E-03
  3.4874E+04  1.5512E-03
  3.5278E+04  1.5829E-03
  3.5686E+04  1.6153E-03
  3.6099E+04  1.6484E-03
  3.6517E+04  1.6820E-03
  3.6940E+04  1.7163E-03
  3.7368E+04  1.7513E-03
  3.7801E+04  1.7869E-03
  3.8238E+04  1.8232E-03
  3.8681E+04  1.8602E-03
  3.9129E+04  1.8979E-03
  3.9582E+04  1.9363E-03
  4.0041E+04  1.9755E-03
  4.0504E+04  2.0153E-03
  4.0973E+04  2.0559E-03
  4.1448E+04  2.0973E-03
  4.1928E+04  2.1395E-03
  4.2413E+04  2.1824E-03
  4.2904E+04  2.2262E-03
  4.3401E+04  2.2707E-03
  4.3904E+04  2.3161E-03
  4.4412E+04  2.3623E-03
  4.4926E+04  2.4093E-03
  4.5446E+04  2.4572E-03
  4.5973E+04  2.5060E-03
  4.6505E+04  2.5557E-03
  4.7044E+04  2.6063E-03
  4.7588E+04  2.6578E-03
  4.8139E+04  2.7102E-03
  4.8697E+04  2.7636E-03
  4.9261E+04  2.8179E-03
  4.9831E+04  2.8732E-03
  5.0408E+04  2.9295E-03
  5.0992E+04  2.9868E-03
  5.1582E+04  3.0451E-03
  5.2180E+04  3.1044E-03
  5.2784E+04  3.1648E-03
  5.3395E+04  3.2262E-03
  5.4013E+04  3.2887E-03
  5.4639E+04  3.3523E-03
  5.5271E+04  3.4170E-03
  5.5911E+04  3.4828E-03
  5.6559E+04  3.5497E-03
  5.7214E+04  3.6178E-03
  5.7876E+04  3.6871E-03
  5.8546E+04  3.7575E-03
  5.9224E+04  3.8291E-03
  5.9910E+04  3.9019E-03
  6.0604E+04  3.9759E-03
  6.1306E+04  4.0512E-03
  6.2015E+04  4.1277E-03
  6.2734E+04  4.2055E-03
  6.3460E+04  4.2846E-03
  6.4195E+04  4.3650E-03
  6.4938E+04  4.4467E-03
  6.5690E+04  4.5297E-03
  6.6451E+04  4.6140E-03
  6.7220E+04  4.6997E-03
  6.7999E+04  4.7868E-03
  6.8786E+04  4.8753E-03
  6.9582E+04  4.9652E-03
  7.0388E+04  5.0565E-03
  7.1203E+04  5.1492E-03
  7.2028E+04  5.2434E-03
  7.2862E+04  5.3391E-03
  7.3706E+04  5.4362E-03
  7.4559E+04  5.5348E-03
  7.5422E+04  5.6349E-03
  7.6296E+04  5.7365E-03
  7.7179E+04  5.8397E-03
  7.8073E+04  5.9444E-03
  7.8977E+04  6.0507E-03
  7.9891E+04  6.1586E-03
  8.0816E+04  6.2680E-03
  8.1752E+04  6.3790E-03
  8.2699E+04  6.4917E-03
  8.3657E+04  6.6060E-03
  8.4625E+04  6.7219E-03
  8.5605E+04  6.8394E-03
  8.6596E+04  6.9587E-03
  8.7599E+04  7.0796E-03
  8.8614E+04  7.2021E-03
  8.9640E+04  7.3264E-03
  9.0678E+04  7.4524E-03
  9.1728E+04  7.5801E-03
  9.2790E+04  7.7095E-03
  9.3864E+04  7.8406E-03
  9.4951E+04  7.9735E-03
  9.6051E+04  8.1081E-03
  9.7163E+04  8.2445E-03
  9.8288E+04  8.3827E-03
  9.9426E+04  8.5226E-03
  1.0058E+05  8.6643E-03
  1.0174E+05  8.8078E-03
  1.0292E+05  8.9531E-03
  1.0411E+05  9.1001E-03
  1.0532E+05  9.2490E-03
  1.0654E+05  9.3996E-03
  1.0777E+05  9.5521E-03
  1.0902E+05  9.7064E-03
  1.1028E+05  9.8624E-03
  1.1156E+05  1.0020E-02
  1.1285E+05  1.0180E-02
  1.1416E+05  1.0341E-02
  1.1548E+05  1.0505E-02
  1.1682E+05  1.0670E-02
  1.1817E+05  1.0837E-02
  1.1954E+05  1.1005E-02
  1.2092E+05  1.1176E-02
  1.2232E+05  1.1348E-02
  1.2374E+05  1.1522E-02
  1.2517E+05  1.1698E-02
  1.2662E+05  1.1876E-02
  1.2809E+05  1.2055E-02
  1.2957E+05  1.2236E-02
  1.3107E+05  1.2419E-02
  1.3259E+05  1.2603E-02
  1.3412E+05  1.2790E-02
  1.3568E+05  1.2977E-02
  1.3725E+05  1.3167E-02
  1.3884E+05  1.3358E-02
  1.4044E+05  1.3551E-02
  1.4207E+05  1.3746E-02
  1.4371E+05  1.3942E-02
  1.4538E+05  1.4140E-02
  1.4706E+05  1.4339E-02
  1.4876E+05  1.4540E-02
  1.5049E+05  1.4742E-02
  1.5223E+05  1.4946E-02
  1.5399E+05  1.5151E-02
  1.5578E+05  1.5358E-02
  1.5758E+05  1.5566E-02
  1.5940E+05  1.5775E-02
  1.6125E+05  1.5986E-02
  1.6312E+05  1.6198E-02
  1.6501E+05  1.6412E-02
  1.6692E+05  1.6626E-02
  1.6885E+05  1.6842E-02
  1.7080E+05  1.7059E-02
  1.7278E+05  1.7277E-02
  1.7478E+05  1.7496E-02
  1.7681E+05  1.7717E-02
  1.7885E+05  1.7938E-02
  1.8093E+05  1.8160E-02
  1.8302E+05  1.8383E-02
  1.8514E+05  1.8607E-02
  1.8728E+05  1.8832E-02
  1.8945E+05  1.9057E-02
  1.9165E+05  1.9283E-02
  1.9387E+05  1.9510E-02
  1.9611E+05  1.9737E-02
  1.9838E+05  1.9965E-02
  2.0068E+05  2.0193E-02
  2.0300E+05  2.0422E-02
  2.0535E+05  2.0651E-02
  2.0773E+05  2.0881E-02
  2.1014E+05  2.1110E-02
  2.1257E+05  2.1340E-02
  2.1503E+05  2.1570E-02
  2.1752E+05  2.1800E-02
  2.2004E+05  2.2030E-02
  2.2259E+05  2.2259E-02
  2.2516E+05  2.2489E-02
  2.2777E+05  2.2718E-02
  2.3041E+05  2.2947E-02
  2.3308E+05  2.3176E-02
  2.3578E+05  2.3404E-02
  2.3851E+05  2.3631E-02
  2.4127E+05  2.3858E-02
  2.4406E+05  2.4084E-02
  2.4689E+05  2.4309E-02
  2.4975E+05  2.4534E-02
  2.5264E+05  2.4757E-02
  2.5556E+05  2.4980E-02
  2.5852E+05  2.5201E-02
  2.6152E+05  2.5421E-02
  2.6455E+05  2.5640E-02
  2.6761E+05  2.5857E-02
  2.7071E+05  2.6073E-02
  2.7384E+05  2.6287E-02
  2.7701E+05  2.6500E-02
  2.8022E+05  2.6711E-02
  2.8347E+05  2.6920E-02
  2.8675E+05  2.7127E-02
  2.9007E+05  2.7332E-02
  2.9343E+05  2.7535E-02
  2.9682E+05  2.7736E-02
  3.0026E+05  2.7935E-02
  3.0374E+05  2.8131E-02
  3.0726E+05  2.8325E-02
  3.1081E+05  2.8516E-02
  3.1441E+05  2.8704E-02
  3.1805E+05  2.8890E-02
  3.2174E+05  2.9073E-02
  3.2546E+05  2.9253E-02
  3.2923E+05  2.9430E-02
  3.3304E+05  2.9604E-02
  3.3690E+05  2.9775E-02
  3.4080E+05  2.9942E-02
  3.4475E+05  3.0106E-02
  3.4874E+05  3.0267E-02
  3.5278E+05  3.0424E-02
  3.5686E+05  3.0577E-02
  3.6099E+05  3.0727E-02
  3.6517E+05  3.0873E-02
  3.6940E+05  3.1015E-02
  3.7368E+05  3.1153E-02
  3.7801E+05  3.1287E-02
  3.8238E+05  3.1417E-02
  3.8681E+05  3.1543E-02
  3.9129E+05  3.1664E-02
  3.9582E+05  3.1781E-02
  4.0041E+05  3.1894E-02
  4.0504E+05  3.2002E-02
  4.0973E+05  3.2106E-02
  4.1448E+05  3.2205E-02
  4.1928E+05  3.2300E-02
  4.2413E+05  3.2389E-02
  4.2904E+05  3.2474E-02
  4.3401E+05  3.2554E-02
  4.3904E+05  3.2629E-02
  4.4412E+05  3.2699E-02
  4.4926E+05  3.2764E-02
  4.5446E+05  3.2824E-02
  4.5973E+05  3.2879E-02
  4.6505E+05  3.2929E-02
  4.7044E+05  3.2973E-02
  4.7588E+05  3.3013E-02
  4.8139E+05  3.3047E-02
  4.8697E+05  3.3075E-02
  4.9261E+05  3.3099E-02
  4.9831E+05  3.3117E-02
  5.0408E+05  3.3129E-02
  5.0992E+05  3.3136E-02
  5.1582E+05  3.3138E-02
  5.2180E+05  3.3134E-02
  5.2784E+05  3.3125E-02
  5.3395E+05  3.3110E-02
  5.4013E+05  3.3090E-02
  5.4639E+05  3.3064E-02
  5.5271E+05  3.3033E-02
  5.5911E+05  3.2996E-02
  5.6559E+05  3.2954E-02
  5.7214E+05  3.2906E-02
  5.7876E+05  3.2853E-02
  5.8546E+05  3.2794E-02
  5.9224E+05  3.2730E-02
  5.9910E+05  3.2660E-02
  6.0604E+05  3.2585E-02
  6.1306E+05  3.2505E-02
  6.2015E+05  3.2419E-02
  6.2734E+05  3.2328E-02
  6.3460E+05  3.2232E-02
  6.4195E+05  3.2131E-02
  6.4938E+05  3.2024E-02
  6.5690E+05  3.1912E-02
  6.6451E+05  3.1795E-02
  6.7220E+05  3.1674E-02
  6.7999E+05  3.1547E-02
  6.8786E+05  3.1415E-02
  6.9582E+05  3.1278E-02
  7.0388E+05  3.1137E-02
  7.1203E+05  3.0990E-02
  7.2028E+05  3.0839E-02
  7.2862E+05  3.0684E-02
  7.3706E+05  3.0524E-02
  7.4559E+05  3.0359E-02
  7.5422E+05  3.0190E-02
  7.6296E+05  3.0017E-02
  7.7179E+05  2.9839E-02
  7.8073E+05  2.9658E-02
  7.8977E+05  2.9472E-02
  7.9891E+05  2.9282E-02
  8.0816E+05  2.9089E-02
  8.1752E+05  2.8891E-02
  8.2699E+05  2.8690E-02
  8.3657E+05  2.8486E-02
  8.4625E+05  2.8278E-02
  8.5605E+05  2.8066E-02
  8.6596E+05  2.7851E-02
  8.7599E+05  2.7633E-02
  8.8614E+05  2.7412E-02
  8.9640E+05  2.7188E-02
  9.0678E+05  2.6961E-02
  9.1728E+05  2.6731E-02
  9.2790E+05  2.6499E-02
  9.3864E+05  2.6264E-02
  9.4951E+05  2.6026E-02
  9.6051E+05  2.5786E-02
  9.7163E+05  2.5544E-02
  9.8288E+05  2.5300E-02
  9.9426E+05  2.5053E-02
  1.0058E+06  2.4805E-02
  1.0174E+06  2.4555E-02
  1.0292E+06  2.4303E-02
  1.0411E+06  2.4050E-02
  1.0532E+06  2.3795E-02
  1.0654E+06  2.3538E-02
  1.0777E+06  2.3281E-02
  1.0902E+06  2.3022E-02
  1.1028E+06  2.2762E-02
  1.1156E+06  2.2502E-02
  1.1285E+06  2.2240E-02
  1.1416E+06  2.1978E-02
  1.1548E+06  2.1715E-02
  1.1682E+06  2.1451E-02
  1.1817E+06  2.1187E-02
  1.1954E+06  2.0923E-02
  1.2092E+06  2.0659E-02
  1.2232E+06  2.0394E-02
  1.2374E+06  2.0129E-02
  1.2517E+06  1.9865E-02
  1.2662E+06  1.9600E-02
  1.2809E+06  1.9336E-02
  1.2957E+06  1.9072E-02
  1.3107E+06  1.8809E-02
  1.3259E+06  1.8546E-02
  1.3412E+06  1.8284E-02
  1.3568E+06  1.8023E-02
  1.3725E+06  1.7762E-02
  1.3884E+06  1.7502E-02
  1.4044E+06  1.7243E-02
  1.4207E+06  1.6985E-02
  1.4371E+06  1.6728E-02
  1.4538E+06  1.6473E-02
  1.4706E+06  1.6218E-02
  1.4876E+06  1.5965E-02
  1.5049E+06  1.5714E-02
  1.5223E+06  1.5464E-02
  1.5399E+06  1.5215E-02
  1.5578E+06  1.4968E-02
  1.5758E+06  1.4723E-02
  1.5940E+06  1.4479E-02
  1.6125E+06  1.4237E-02
  1.6312E+06  1.3997E-02
  1.6501E+06  1.3759E-02
  1.6692E+06  1.3522E-02
  1.6885E+06  1.3288E-02
  1.7080E+06  1.3056E-02
  1.7278E+06  1.2825E-02
  1.7478E+06  1.2597E-02
  1.7681E+06  1.2371E-02
  1.7885E+06  1.2147E-02
  1.8093E+06  1.1926E-02
  1.8302E+06  1.1706E-02
  1.8514E+06  1.1489E-02
  1.8728E+06  1.1275E-02
  1.8945E+06  1.1062E-02
  1.9165E+06  1.0852E-02
  1.9387E+06  1.0645E-02
  1.9611E+06  1.0439E-02
  1.9838E+06  1.0237E-02
  2.0068E+06  1.0036E-02
  2.0300E+06  9.8385E-03
  2.0535E+06  9.6431E-03
  2.0773E+06  9.4503E-03
  2.1014E+06  9.2600E-03
  2.1257E+06  9.0722E-03
  2.1503E+06  8.8869E-03
  2.1752E+06  8.7042E-03
  2.2004E+06  8.5240E-03
  2.2259E+06  8.3464E-03
  2.2516E+06  8.1713E-03
  2.2777E+06  7.9988E-03
  2.3041E+06  7.8289E-03
  2.3308E+06  7.6614E-03
  2.3578E+06  7.4966E-03
  2.3851E+06  7.3343E-03
  2.4127E+06  7.1745E-03
  2.4406E+06  7.0172E-03
  2.4689E+06  6.8625E-03
  2.4975E+06  6.7103E-03
  2.5264E+06  6.5606E-03
  2.5556E+06  6.4134E-03
  2.5852E+06  6.2686E-03
  2.6152E+06  6.1264E-03
  2.6455E+06  5.9865E-03
  2.6761E+06  5.8492E-03
  2.7071E+06  5.7142E-03
  2.7384E+06  5.5816E-03
  2.7701E+06  5.4514E-03
  2.8022E+06  5.3236E-03
  2.8347E+06  5.1981E-03
  2.8675E+06  5.0750E-03
  2.9007E+06  4.9541E-03
  2.9343E+06  4.8356E-03
  2.9682E+06  4.7193E-03
  3.0026E+06  4.6052E-03
  3.0374E+06  4.4934E-03
  3.0726E+06  4.3837E-03
  3.1081E+06  4.2762E-03
  3.1441E+06  4.1708E-03
  3.1805E+06  4.0676E-03
  3.2174E+06  3.9665E-03
  3.2546E+06  3.8674E-03
  3.2923E+06  3.7703E-03
  3.3304E+06  3.6753E-03
  3.3690E+06  3.5823E-03
  3.4080E+06  3.4912E-03
  3.4475E+06  3.4021E-03
  3.4874E+06  3.3148E-03
  3.5278E+06  3.2295E-03
  3.5686E+06  3.1460E-03
  3.6099E+06  3.0643E-03
  3.6517E+06  2.9844E-03
  3.6940E+06  2.9063E-03
  3.7368E+06  2.8299E-03
  3.7801E+06  2.7553E-03
  3.8238E+06  2.6823E-03
  3.8681E+06  2.6110E-03
  3.9129E+06  2.5413E-03
  3.9582E+06  2.4732E-03
  4.0041E+06  2.4067E-03
  4.0504E+06  2.3418E-03
  4.0973E+06  2.2784E-03
  4.1448E+06  2.2164E-03
  4.1928E+06  2.1560E-03
  4.2413E+06  2.0970E-03
  4.2904E+06  2.0394E-03
  4.3401E+06  1.9832E-03
  4.3904E+06  1.9283E-03
  4.4412E+06  1.8748E-03
  4.4926E+06  1.8226E-03
  4.5446E+06  1.7717E-03
  4.5973E+06  1.7221E-03
  4.6505E+06  1.6736E-03
  4.7044E+06  1.6264E-03
  4.7588E+06  1.5804E-03
  4.8139E+06  1.5356E-03
  4.8697E+06  1.4919E-03
  4.9261E+06  1.4493E-03
  4.9831E+06  1.4078E-03
  5.0408E+06  1.3673E-03
  5.0992E+06  1.3279E-03
  5.1582E+06  1.2896E-03
  5.2180E+06  1.2522E-03
  5.2784E+06  1.2158E-03
  5.3395E+06  1.1804E-03
  5.4013E+06  1.1459E-03
  5.4639E+06  1.1124E-03
  5.5271E+06  1.0797E-03
  5.5911E+06  1.0479E-03
  5.6559E+06  1.0169E-03
  5.7214E+06  9.8681E-04
  5.7876E+06  9.5752E-04
  5.8546E+06  9.2902E-04
  5.9224E+06  9.0130E-04
  5.9910E+06  8.7434E-04
  6.0604E+06  8.4812E-04
  6.1306E+06  8.2262E-04
  6.2015E+06  7.9783E-04
  6.2734E+06  7.7373E-04
  6.3460E+06  7.5030E-04
  6.4195E+06  7.2753E-04
  6.4938E+06  7.0540E-04
  6.5690E+06  6.8389E-04
  6.6451E+06  6.6299E-04
  6.7220E+06  6.4269E-04
  6.7999E+06  6.2296E-04
  6.8786E+06  6.0380E-04
  6.9582E+06  5.8518E-04
  7.0388E+06  5.6710E-04
  7.1203E+06  5.4955E-04
  7.2028E+06  5.3250E-04
  7.2862E+06  5.1594E-04
  7.3706E+06  4.9987E-04
  7.4559E+06  4.8426E-04
  7.5422E+06  4.6912E-04
  7.6296E+06  4.5441E-04
  7.7179E+06  4.4014E-04
  7.8073E+06  4.2630E-04
  7.8977E+06  4.1286E-04
  7.9891E+06  3.9982E-04
  8.0816E+06  3.8717E-04
  8.1752E+06  3.7489E-04
  8.2699E+06  3.6299E-04
  8.3657E+06  3.5144E-04
  8.4625E+06  3.4024E-04
  8.5605E+06  3.2937E-04
  8.6596E+06  3.1884E-04
  8.7599E+06  3.0862E-04
  8.8614E+06  2.9872E-04
  8.9640E+06  2.8911E-04
  9.0678E+06  2.7980E-04
  9.1728E+06  2.7078E-04
  9.2790E+06  2.6203E-04
  9.3864E+06  2.5355E-04
  9.4951E+06  2.4533E-04
  9.6051E+06  2.3737E-04
  9.7163E+06  2.2965E-04
  9.8288E+06  2.2217E-04
  9.9426E+06  2.1492E-04
  1.0058E+07  2.0790E-04
  1.0174E+07  2.0110E-04
  1.0292E+07  1.9451E-04
  1.0411E+07  1.8813E-04
  1.0532E+07  1.8195E-04
  1.0654E+07  1.7596E-04
  1.0777E+07  1.7016E-04
  1.0902E+07  1.6455E-04
  1.1028E+07  1.5911E-04
  1.1156E+07  1.5385E-04
  1.1285E+07  1.4875E-04
  1.1416E+07  1.4381E-04
  1.1548E+07  1.3904E-04
  1.1682E+07  1.3441E-04
  1.1817E+07  1.2993E-04
  1.1954E+07  1.2560E-04
  1.2092E+07  1.2141E-04
  1.2232E+07  1.1735E-04
  1.2374E+07  1.1342E-04
  1.2517E+07  1.0962E-04
  1.2662E+07  1.0594E-04
  1.2809E+07  1.0238E-04
  1.2957E+07  9.8937E-05
  1.3107E+07  9.5605E-05
  1.3259E+07  9.2382E-05
  1.3412E+07  8.9264E-05
  1.3568E+07  8.6248E-05
  1.3725E+07  8.3330E-05
  1.3884E+07  8.0508E-05
  1.4044E+07  7.7779E-05
  1.4207E+07  7.5139E-05
  1.4371E+07  7.2586E-05
  1.4538E+07  7.0117E-05
  1.4706E+07  6.7730E-05
  1.4876E+07  6.5422E-05
  1.5049E+07  6.3190E-05
  1.5223E+07  6.1032E-05
  1.5399E+07  5.8946E-05
  1.5578E+07  5.6929E-05
  1.5758E+07  5.4979E-05
  1.5940E+07  5.3094E-05
  1.6125E+07  5.1272E-05
  1.6312E+07  4.9511E-05
  1.6501E+07  4.7808E-05
  1.6692E+07  4.6163E-05
  1.6885E+07  4.4573E-05
  1.7080E+07  4.3037E-05
  1.7278E+07  4.1552E-05
  1.7478E+07  4.0116E-05
  1.7681E+07  3.8730E-05
  1.7885E+07  3.7390E-05
  1.8093E+07  3.6095E-05
  1.8302E+07  3.4844E-05
  1.8514E+07  3.3636E-05
  1.8728E+07  3.2468E-05
  1.8945E+07  3.1340E-05
  1.9165E+07  3.0251E-05
  1.9387E+07  2.9198E-05
  1.9611E+07  2.8182E-05
  1.9838E+07  2.7199E-05
  2.0068E+07  2.6251E-05
  2.0300E+07  2.5335E-05
  2.0535E+07  2.4450E-05
  2.0773E+07  2.3595E-05
  2.1014E+07  2.2770E-05
  2.1257E+07  2.1973E-05
  2.1503E+07  2.1203E-05
  2.1752E+07  2.0460E-05
  2.2004E+07  1.9742E-05
  2.2259E+07  1.9049E-05
  2.2516E+07  1.8380E-05
  2.2777E+07  1.7734E-05
  2.3041E+07  1.7110E-05
  2.3308E+07  1.6508E-05
  2.3578E+07  1.5926E-05
  2.3851E+07  1.5365E-05
  2.4127E+07  1.4823E-05
  2.4406E+07  1.4300E-05
  2.4689E+07  1.3795E-05
  2.4975E+07  1.3308E-05
  2.5264E+07  1.2837E-05
  2.5556E+07  1.2383E-05
  2.5852E+07  1.1945E-05
  2.6152E+07  1.1522E-05
  2.6455E+07  1.1113E-05
  2.6761E+07  1.0719E-05
  2.7071E+07  1.0339E-05
  2.7384E+07  9.9719E-06
  2.7701E+07  9.6177E-06
  2.8022E+07  9.2759E-06
  2.8347E+07  8.9461E-06
  2.8675E+07  8.6278E-06
  2.9007E+07  8.3207E-06
  2.9343E+07  8.0243E-06
  2.9682E+07  7.7384E-06
  3.0026E+07  7.4625E-06
  3.0374E+07  7.1963E-06
  3.0726E+07  6.9395E-06
  3.1081E+07  6.6917E-06
  3.1441E+07  6.4527E-06
  3.1805E+07  6.2221E-06
  3.2174E+07  5.9996E-06
  3.2546E+07  5.7849E-06
  3.2923E+07  5.5779E-06
  3.3304E+07  5.3782E-06
  3.3690E+07  5.1855E-06
  3.4080E+07  4.9996E-06
  3.4475E+07  4.8204E-06
  3.4874E+07  4.6474E-06
  3.5278E+07  4.4807E-06
  3.5686E+07  4.3198E-06
  3.6099E+07  4.1646E-06
  3.6517E+07  4.0150E-06
  3.6940E+07  3.8706E-06
  3.7368E+07  3.7314E-06
  3.7801E+07  3.5972E-06
  3.8238E+07  3.4677E-06
  3.8681E+07  3.3428E-06
  3.9129E+07  3.2224E-06
  3.9582E+07  3.1063E-06
  4.0041E+07  2.9943E-06
  4.0504E+07  2.8863E-06
  4.0973E+07  2.7822E-06
  4.1448E+07  2.6818E-06
  4.1928E+07  2.5849E-06
  4.2413E+07  2.4916E-06
  4.2904E+07  2.4015E-06
  4.3401E+07  2.3147E-06
  4.3904E+07  2.2311E-06
  4.4412E+07  2.1504E-06
  4.4926E+07  2.0726E-06
  4.5446E+07  1.9975E-06
  4.5973E+07  1.9252E-06
  4.6505E+07  1.8555E-06
  4.7044E+07  1.7883E-06
  4.7588E+07  1.7234E-06
  4.8139E+07  1.6610E-06
  4.8697E+07  1.6007E-06
  4.9261E+07  1.5427E-06
  4.9831E+07  1.4867E-06
  5.0408E+07  1.4327E-06
  5.0992E+07  1.3807E-06
  5.1582E+07  1.3305E-06
  5.2180E+07  1.2822E-06
  5.2784E+07  1.2356E-06
  5.3395E+07  1.1907E-06
  5.4013E+07  1.1474E-06
  5.4639E+07  1.1057E-06
  5.5271E+07  1.0654E-06
  5.5911E+07  1.0266E-06
  5.6559E+07  9.8927E-07
  5.7214E+07  9.5325E-07
  5.7876E+07  9.1853E-07
  5.8546E+07  8.8506E-07
  5.9224E+07  8.5281E-07
  5.9910E+07  8.2172E-07
  6.0604E+07  7.9176E-07
  6.1306E+07  7.6288E-07
  6.2015E+07  7.3505E-07
  6.2734E+07  7.0823E-07
  6.3460E+07  6.8238E-07
  6.4195E+07  6.5747E-07
  6.4938E+07  6.3346E-07
  6.5690E+07  6.1032E-07
  6.6451E+07  5.8803E-07
  6.7220E+07  5.6654E-07
  6.7999E+07  5.4583E-07
  6.8786E+07  5.2588E-07
  6.9582E+07  5.0665E-07
  7.0388E+07  4.8812E-07
  7.1203E+07  4.7026E-07
  7.2028E+07  4.5305E-07
  7.2862E+07  4.3647E-07
  7.3706E+07  4.2049E-07
  7.4559E+07  4.0510E-07
  7.5422E+07  3.9026E-07
  7.6296E+07  3.7597E-07
  7.7179E+07  3.6220E-07
  7.8073E+07  3.4892E-07
  7.8977E+07  3.3613E-07
  7.9891E+07  3.2381E-07
  8.0816E+07  3.1194E-07
  8.1752E+07  3.0050E-07
  8.2699E+07  2.8948E-07
  8.3657E+07  2.7886E-07
  8.4625E+07  2.6863E-07
  8.5605E+07  2.5877E-07
  8.6596E+07  2.4927E-07
  8.7599E+07  2.4012E-07
  8.8614E+07  2.3130E-07
  8.9640E+07  2.2281E-07
  9.0678E+07  2.1462E-07
  9.1728E+07  2.0674E-07
  9.2790E+07  1.9914E-07
  9.3864E+07  1.9183E-07
  9.4951E+07  1.8477E-07
  9.6051E+07  1.7798E-07
  9.7163E+07  1.7144E-07
  9.8288E+07  1.6513E-07
  9.9426E+07  1.5906E-07
