Ea        Fluxa
1.0023	  0.1708654E-02
1.01623	  0.1737483E-02
1.03036	  0.1766859E-02
1.04467	  0.1796772E-02
1.05919	  0.1827260E-02
1.07391	  0.1858254E-02
1.08884	  0.1889822E-02
1.10397	  0.1922026E-02
1.11931	  0.1954801E-02
1.13487	  0.1988145E-02
1.15064	  0.2022096E-02
1.16663	  0.2056744E-02
1.18284	  0.2091998E-02
1.19928	  0.2127881E-02
1.21595	  0.2164458E-02
1.23285	  0.2201676E-02
1.24998	  0.2239649E-02
1.26735	  0.2278222E-02
1.28496	  0.2317583E-02
1.30282	  0.2357672E-02
1.32093	  0.2398485E-02
1.33929	  0.2440123E-02
1.3579	  0.2482443E-02
1.37677	  0.2525582E-02
1.3959	  0.2569545E-02
1.4153	  0.2614349E-02
1.43497	  0.2659931E-02
1.45491	  0.2706367E-02
1.47513	  0.2753703E-02
1.49563	  0.2801913E-02
1.51642	  0.2850996E-02
1.53749	  0.2901052E-02
1.55886	  0.2951936E-02
1.58052	  0.3003850E-02
1.60249	  0.3056691E-02
1.62476	  0.3110555E-02
1.64734	  0.3165448E-02
1.67023	  0.3221317E-02
1.69345	  0.3278265E-02
1.71698	  0.3336232E-02
1.74084	  0.3395332E-02
1.76503	  0.3455504E-02
1.78956	  0.3516847E-02
1.81443	  0.3579258E-02
1.83965	  0.3642849E-02
1.86522	  0.3707662E-02
1.89114	  0.3773696E-02
1.91742	  0.3840943E-02
1.94407	  0.3909422E-02
1.97108	  0.3979265E-02
1.99848	  0.4050319E-02
2.02625	  0.4122749E-02
2.05441	  0.4196438E-02
2.08296	  0.4271640E-02
2.11191	  0.4348108E-02
2.14126	  0.4426083E-02
2.17102	  0.4505518E-02
2.20119	  0.4586363E-02
2.23178	  0.4668762E-02
2.2628	  0.4752664E-02
2.29424	  0.4838168E-02
2.32613	  0.4925222E-02
2.35845	  0.5013823E-02
2.39123	  0.5104123E-02
2.42446	  0.5196017E-02
2.45816	  0.5289699E-02
2.49232	  0.5385065E-02
2.52695	  0.5482213E-02
2.56207	  0.5581143E-02
2.59768	  0.5681853E-02
2.63378	  0.5784482E-02
2.67038	  0.5888985E-02
2.70749	  0.5995406E-02
2.74512	  0.6103737E-02
2.78327	  0.6214123E-02
2.82195	  0.6326469E-02
2.86117	  0.6440861E-02
2.90093	  0.6557397E-02
2.94125	  0.6676022E-02
2.98212	  0.6796780E-02
3.02357	  0.6919772E-02
3.06559	  0.7044983E-02
3.10819	  0.7172514E-02
3.15139	  0.7302256E-02
3.19518	  0.7434403E-02
3.23959	  0.7568947E-02
3.28461	  0.7705882E-02
3.33026	  0.7845299E-02
3.37654	  0.7987196E-02
3.42346	  0.8131660E-02
3.47104	  0.8278685E-02
3.51928	  0.8428312E-02
3.56819	  0.8580631E-02
3.61778	  0.8735686E-02
3.66805	  0.8893412E-02
3.71903	  0.9054007E-02
3.77071	  0.9217405E-02
3.82312	  0.9383645E-02
3.87625	  0.9552874E-02
3.93012	  0.9725062E-02
3.98474	  0.9900457E-02
4.04011	  0.1007843E-01
4.09626	  0.1025985E-01
4.15319	  0.1044436E-01
4.21091	  0.1063189E-01
4.26943	  0.1082267E-01
4.32876	  0.1101672E-01
4.38892	  0.1121444E-01
4.44991	  0.1141527E-01
4.51176	  0.1161974E-01
4.57446	  0.1182785E-01
4.63803	  0.1203902E-01
4.70249	  0.1225380E-01
4.76784	  0.1247263E-01
4.8341	  0.1269449E-01
4.90128	  0.1292037E-01
4.9694	  0.1315026E-01
5.03846	  0.1338413E-01
5.10848	  0.1362099E-01
5.17947	  0.1386224E-01
5.25146	  0.1410790E-01
5.32444	  0.1435690E-01
5.39843	  0.1460984E-01
5.47346	  0.1486754E-01
5.54952	  0.1512914E-01
5.62665	  0.1539489E-01
5.70484	  0.1566510E-01
5.78413	  0.1593884E-01
5.86451	  0.1621785E-01
5.94601	  0.1650091E-01
6.02865	  0.1678822E-01
6.11243	  0.1708014E-01
6.19738	  0.1737607E-01
6.2835	  0.1767660E-01
6.37083	  0.1798150E-01
6.45936	  0.1829156E-01
6.54913	  0.1860535E-01
6.64015	  0.1892507E-01
6.73243	  0.1924867E-01
6.82599	  0.1957693E-01
6.92086	  0.1991044E-01
7.01704	  0.2024919E-01
7.11456	  0.2059211E-01
7.21343	  0.2094062E-01
7.31368	  0.2129365E-01
7.41532	  0.2165221E-01
7.51837	  0.2201563E-01
7.62286	  0.2238451E-01
7.7288	  0.2275756E-01
7.83621	  0.2313667E-01
7.94511	  0.2352025E-01
8.05553	  0.2390958E-01
8.16748	  0.2430396E-01
8.28098	  0.2470373E-01
8.39607	  0.2510849E-01
8.51275	  0.2551858E-01
8.63106	  0.2593358E-01
8.75101	  0.2635490E-01
8.87262	  0.2678111E-01
8.99593	  0.2721249E-01
9.12095	  0.2764871E-01
9.2477	  0.2809106E-01
9.37622	  0.2853852E-01
9.50653	  0.2899135E-01
9.63864	  0.2944919E-01
9.7726	  0.2991303E-01
9.90841	  0.3038142E-01
10.0461	  0.3085536E-01
10.1857	  0.3133482E-01
10.3273	  0.3181901E-01
10.4708	  0.3230896E-01
10.6163	  0.3280391E-01
10.7639	  0.3330376E-01
10.9134	  0.3380882E-01
11.0651	  0.3431905E-01
11.2189	  0.3483399E-01
11.3748	  0.3535429E-01
11.5329	  0.3587918E-01
11.6932	  0.3640889E-01
11.8557	  0.3694412E-01
12.0204	  0.3748328E-01
12.1875	  0.3802738E-01
12.3569	  0.3857603E-01
12.5286	  0.3912945E-01
12.7027	  0.3968603E-01
12.8792	  0.4024834E-01
13.0582	  0.4081394E-01
13.2397	  0.4138352E-01
13.4237	  0.4195777E-01
13.6103	  0.4253566E-01
13.7994	  0.4311645E-01
13.9912	  0.4370113E-01
14.1856	  0.4429024E-01
14.3828	  0.4488141E-01
14.5826	  0.4547566E-01
14.7853	  0.4607400E-01
14.9908	  0.4667465E-01
15.1991	  0.4727750E-01
15.4103	  0.4788266E-01
15.6245	  0.4849061E-01
15.8416	  0.4910062E-01
16.0618	  0.4971287E-01
16.285	  0.5032633E-01
16.5113	  0.5094142E-01
16.7408	  0.5155800E-01
16.9735	  0.5217502E-01
17.2093	  0.5279319E-01
17.4485	  0.5341204E-01
17.691	  0.5403075E-01
17.9369	  0.5465089E-01
18.1861	  0.5527066E-01
18.4389	  0.5588907E-01
18.6951	  0.5650778E-01
18.9549	  0.5712573E-01
19.2184	  0.5774169E-01
19.4854	  0.5835641E-01
19.7562	  0.5896874E-01
20.0308	  0.5958101E-01
20.3092	  0.6019136E-01
20.5914	  0.6079860E-01
20.8776	  0.6140247E-01
21.1677	  0.6200279E-01
21.4619	  0.6260174E-01
21.7602	  0.6319801E-01
22.0626	  0.6378749E-01
22.3692	  0.6437476E-01
22.6801	  0.6495847E-01
22.9953	  0.6553701E-01
23.3148	  0.6611247E-01
23.6389	  0.6668001E-01
23.9674	  0.6724387E-01
24.3005	  0.6780368E-01
24.6382	  0.6835578E-01
24.9806	  0.6890320E-01
25.3277	  0.6944453E-01
25.6797	  0.6998049E-01
26.0366	  0.7050965E-01
26.3984	  0.7103179E-01
26.7653	  0.7154857E-01
27.1373	  0.7205773E-01
27.5144	  0.7255869E-01
27.8968	  0.7305555E-01
28.2845	  0.7354590E-01
28.6776	  0.7402737E-01
29.0761	  0.7450248E-01
29.4802	  0.7497133E-01
29.8899	  0.7543430E-01
30.3053	  0.7589166E-01
30.7265	  0.7634051E-01
31.1535	  0.7678187E-01
31.5864	  0.7721996E-01
32.0254	  0.7764991E-01
32.4705	  0.7807605E-01
32.9217	  0.7849621E-01
33.3792	  0.7891200E-01
33.8431	  0.7932310E-01
34.3135	  0.7972892E-01
34.7903	  0.8013248E-01
35.2738	  0.8053035E-01
35.764	  0.8092873E-01
36.2611	  0.8132261E-01
36.765	  0.8171478E-01
37.2759	  0.8210707E-01
37.794	  0.8249914E-01
38.3192	  0.8288935E-01
38.8518	  0.8328238E-01
39.3917	  0.8367664E-01
39.9391	  0.8407371E-01
40.4942	  0.8447206E-01
41.0569	  0.8487494E-01
41.6275	  0.8528400E-01
42.206	  0.8569945E-01
42.7926	  0.8611827E-01
43.3873	  0.8654526E-01
43.9903	  0.8698082E-01
44.6016	  0.8742345E-01
45.2215	  0.8787684E-01
45.8499	  0.8833952E-01
46.4871	  0.8881165E-01
47.1332	  0.8929671E-01
47.7882	  0.8979407E-01
48.4523	  0.9030304E-01
49.1257	  0.9082628E-01
49.8084	  0.9136412E-01
50.5006	  0.9191497E-01
51.2024	  0.9247915E-01
51.914	  0.9305885E-01
52.6355	  0.9365441E-01
53.367	  0.9426618E-01
54.1087	  0.9489244E-01
54.8606	  0.9553553E-01
55.623	  0.9619247E-01
56.3961	  0.9686607E-01
57.1798	  0.9755609E-01
57.9745	  0.9826003E-01
58.7802	  0.9898015E-01
59.5971	  0.9971342E-01
60.4253	  0.1004634    
61.265	  0.1012260    
62.1165	  0.1020046    
62.9797	  0.1027929    
63.855	  0.1035955    
64.7424	  0.1044114    
65.6422	  0.1052377    
66.5544	  0.1060744    
67.4793	  0.1069216    
68.4171	  0.1077794    
69.3679	  0.1086458    
70.332	  0.1095187    
71.3094	  0.1104014    
72.3004	  0.1112886    
73.3052	  0.1121835    
74.324	  0.1130818    
75.3569	  0.1139869    
76.4041	  0.1148954    
77.466	  0.1158075    
78.5425	  0.1167231    
79.6341	  0.1176400    
80.7408	  0.1185606    
81.8629	  0.1194790    
83.0005	  0.1204000    
84.154	  0.1213201    
85.3236	  0.1222414    
86.5093	  0.1231596    
87.7116	  0.1240781    
88.9305	  0.1249922    
90.1664	  0.1259065    
91.4195	  0.1268188    
92.69	  0.1277255    
93.9782	  0.1286291    
95.2842	  0.1295305    
96.6084	  0.1304253    
97.951	  0.1313170    
99.3123	  0.1322030    
100.692	  0.1330857    
102.092	  0.1339618    
103.511	  0.1348323    
104.949	  0.1356950    
106.408	  0.1365509    
107.886	  0.1374026    
109.386	  0.1382450    
110.906	  0.1390796    
112.447	  0.1399074    
114.01	  0.1407264    
115.594	  0.1415360    
117.201	  0.1423393    
118.83	  0.1431312    
120.481	  0.1439152    
122.156	  0.1446904    
123.853	  0.1454550    
125.574	  0.1462063    
127.32	  0.1469496    
129.089	  0.1476804    
130.883	  0.1483986    
132.702	  0.1491070    
134.546	  0.1498028    
136.416	  0.1504850    
138.312	  0.1511547    
140.234	  0.1518108    
142.183	  0.1524533    
144.159	  0.1530849    
146.162	  0.1536992    
148.194	  0.1542999    
150.253	  0.1548859    
152.341	  0.1554601    
154.458	  0.1560161    
156.605	  0.1565574    
158.781	  0.1570831    
160.988	  0.1575941    
163.225	  0.1580887    
165.494	  0.1585649    
167.794	  0.1590273    
170.125	  0.1594741    
172.49	  0.1599016    
174.887	  0.1603117    
177.317	  0.1607079    
179.782	  0.1610840    
182.28	  0.1614435    
184.813	  0.1617855    
187.382	  0.1621092    
189.986	  0.1624154    
192.626	  0.1627033    
195.303	  0.1629728    
198.017	  0.1632241    
200.769	  0.1634570    
203.559	  0.1636744    
206.388	  0.1638698    
209.257	  0.1640490    
212.165	  0.1642051    
215.113	  0.1643460    
218.103	  0.1644668    
221.134	  0.1645685    
224.207	  0.1646523    
227.323	  0.1647170    
230.482	  0.1647617    
233.685	  0.1647886    
236.933	  0.1647957    
240.226	  0.1647787    
243.564	  0.1647497    
246.949	  0.1647017    
250.381	  0.1646294    
253.861	  0.1645412    
257.389	  0.1644339    
260.966	  0.1642995    
264.592	  0.1641603    
268.27	  0.1639941    
271.998	  0.1638009    
275.778	  0.1636029    
279.61	  0.1633779    
283.496	  0.1631292    
287.436	  0.1628727    
291.431	  0.1625892    
295.481	  0.1622853    
299.587	  0.1619657    
303.751	  0.1616272    
307.972	  0.1612762    
312.252	  0.1609018    
316.592	  0.1605040    
320.991	  0.1600906    
325.452	  0.1596615    
329.975	  0.1592093  
334.561	  0.1587447    
339.211	  0.1582613    
343.925	  0.1577581    
348.704	  0.1572351    
353.551	  0.1566966    
358.464	  0.1561427    
363.446	  0.1555692    
368.497	  0.1549802    
373.618	  0.1543684    
378.81	  0.1537479    
384.075	  0.1531014    
389.412	  0.1524462    
394.824	  0.1517683    
400.311	  0.1510786    
405.874	  0.1503736    
411.515	  0.1496494    
417.234	  0.1489134    
423.032	  0.1481583    
428.911	  0.1473915    
434.872	  0.1466058    
440.916	  0.1458049    
447.043	  0.1449958    
453.256	  0.1441644    
459.555	  0.1433241    
465.942	  0.1424652    
472.417	  0.1415968    
478.983	  0.1407133    
485.639	  0.1398169    
492.388	  0.1389061    
499.231	  0.1379853    
506.169	  0.1370510    
513.204	  0.1361039    
520.336	  0.1351469    
527.567	  0.1341770    
534.899	  0.1331938    
542.333	  0.1322014    
549.87	  0.1311999    
557.511	  0.1301865    
565.259	  0.1291605    
573.115	  0.1281254    
581.08	  0.1270828    
589.155	  0.1260320    
597.343	  0.1249686    
605.645	  0.1239021    
614.061	  0.1228237    
622.595	  0.1217380    
631.248	  0.1206411    
640.02	  0.1195406    
648.915	  0.1184334    
657.933	  0.1173195    
667.077	  0.1161997    
676.347	  0.1150726    
685.747	  0.1139397    
695.277	  0.1128008    
704.94	  0.1116561    
714.736	  0.1105093    
724.669	  0.1093573    
734.74	  0.1082039    
744.951	  0.1070455    
755.304	  0.1058820	
765.801	  0.1047178    
776.444	  0.1035492    
787.234	  0.1023763    
798.175	  0.1012073    
809.267	  0.1000339    
820.514	  0.9885688E-01
831.917	  0.9768066E-01
843.478	  0.9650529E-01
855.2	  0.9533016E-01
867.086	  0.9415203E-01
879.136	  0.9297937E-01
891.353	  0.9180374E-01
903.741	  0.9062970E-01
916.301	  0.8945794E-01
929.035	  0.8828782E-01
941.946	  0.8712000E-01
955.037	  0.8595447E-01
968.309	  0.8479127E-01
981.766	  0.8363107E-01
995.41	  0.8247322E-01
1009.24	  0.8131902E-01
1023.27	  0.8017180E-01
1037.49	  0.7902547E-01
1051.91	  0.7788458E-01
1066.53	  0.7674883E-01
1081.35	  0.7561799E-01
1096.38	  0.7449271E-01
1111.61	  0.7337235E-01
1127.06	  0.7225861E-01
1142.73	  0.7115045E-01
1158.61	  0.7004895E-01
1174.71	  0.6895345E-01
1191.03	  0.6786566E-01
1207.59	  0.6678455E-01
1224.37	  0.6571010E-01
1241.38	  0.6464378E-01
1258.64	  0.6358481E-01
1276.13	  0.6253419E-01
1293.86	  0.6149114E-01
1311.84	  0.6045605E-01
1330.07	  0.5943017E-01
1348.56	  0.5841272E-01
1367.3	  0.5740390E-01
1386.3	  0.5640471E-01
1405.57	  0.5541377E-01
1425.1	  0.5443230E-01
1444.91	  0.5346032E-01
1464.99	  0.5249782E-01
1485.35	  0.5154585E-01
1505.99	  0.5060236E-01
1526.92	  0.4966943E-01
1548.14	  0.4874602E-01
1569.65	  0.4783275E-01
1591.47	  0.4692963E-01
1613.59	  0.4603708E-01
1636.01	  0.4515469E-01
1658.75	  0.4428291E-01
1681.8	  0.4342191E-01
1705.17	  0.4257050E-01
1728.87	  0.4173047E-01
1752.9	  0.4090064E-01
1777.26	  0.4008147E-01
1801.96	  0.3927370E-01
1827	  0.3847614E-01
1852.39	  0.3768943E-01
1878.13	  0.3691355E-01
1904.23	  0.3614808E-01
1930.7	  0.3539446E-01
1957.53	  0.3465070E-01
1984.73	  0.3391838E-01
2012.32	  0.3319649E-01
2040.28	  0.3248549E-01
2068.64	  0.3178551E-01
2097.39	  0.3109642E-01
2126.53	  0.3041736E-01
2156.09	  0.2974978E-01
2186.05	  0.2909224E-01
2216.43	  0.2844576E-01
2247.23	  0.2780976E-01
2278.46	  0.2718439E-01
2310.13	  0.2656950E-01
2342.23	  0.2596469E-01
2374.79	  0.2537053E-01
2407.79	  0.2478657E-01
2441.25	  0.2421255E-01
2475.18	  0.2364932E-01
2509.58	  0.2309561E-01
2544.45	  0.2255213E-01
2579.81	  0.2201886E-01
2615.67	  0.2149468E-01
2652.02	  0.2098075E-01
2688.87	  0.2047659E-01
2726.24	  0.1998199E-01
2764.13	  0.1949674E-01
2802.54	  0.1902060E-01
2841.49	  0.1855383E-01
2880.98	  0.1809673E-01
2921.02	  0.1764843E-01
2961.61	  0.1720882E-01
3002.77	  0.1677858E-01
3044.5	  0.1635657E-01
3086.81	  0.1594338E-01
3129.71	  0.1553900E-01
3173.21	  0.1514286E-01
3217.31	  0.1475510E-01
3262.02	  0.1437614E-01
3307.35	  0.1400400E-01
3353.32	  0.1364123E-01
3399.92	  0.1328527E-01
3447.17	  0.1293814E-01
3495.08	  0.1259737E-01
3543.65	  0.1226497E-01
3592.9	  0.1193995E-01
3642.83	  0.1162230E-01
3693.45	  0.1131102E-01
3744.78	  0.1100790E-01
3796.82	  0.1071137E-01
3849.59	  0.1042155E-01
3903.09	  0.1013832E-01
3957.33	  0.9862208E-02
4012.33	  0.9592230E-02
4068.09	  0.9328739E-02
4124.63	  0.9071335E-02
4181.95	  0.8820231E-02
4240.07	  0.8575240E-02
4298.99	  0.8336118E-02
4358.74	  0.8102873E-02
4419.31	  0.7875310E-02
4480.73	  0.7653422E-02
4543	  0.7436969E-02
4606.14	  0.7225901E-02
4670.15	  0.7020181E-02
4735.05	  0.6819599E-02
4800.86	  0.6624160E-02
4867.58	  0.6433614E-02
4935.22	  0.6248024E-02
5003.81	  0.6067183E-02
5073.35	  0.5890999E-02
5143.85	  0.5719414E-02
5215.34	  0.5552292E-02
5287.82	  0.5389581E-02
5361.31	  0.5231124E-02
5435.82	  0.5076888E-02
5511.36	  0.4926716E-02
5587.95	  0.4780607E-02
5665.61	  0.4638371E-02
5744.35	  0.4500004E-02
5824.18	  0.4365357E-02
5905.12	  0.4234379E-02
5987.19	  0.4107030E-02
6070.39	  0.3983151E-02
6154.76	  0.3862652E-02
6240.29	  0.3745479E-02
6327.01	  0.3631582E-02
6414.94	  0.3520868E-02
6504.09	  0.3413183E-02
6594.48	  0.3308633E-02
6686.13	  0.3206961E-02
6779.05	  0.3108176E-02
6873.26	  0.3012169E-02
6968.78	  0.2918948E-02
7065.63	  0.2828365E-02
7163.82	  0.2740417E-02
7263.38	  0.2654958E-02
7364.32	  0.2572034E-02
7466.67	  0.2491448E-02
7570.44	  0.2413252E-02
7675.65	  0.2337296E-02
7782.32	  0.2263579E-02
7890.47	  0.2192054E-02
8000.13	  0.2122667E-02
8111.31	  0.2055272E-02
8224.03	  0.1989869E-02
8338.33	  0.1926509E-02
8454.21	  0.1864942E-02
8571.7	  0.1805266E-02
8690.82	  0.1747382E-02
8811.6	  0.1691195E-02
8934.06	  0.1636751E-02
9058.22	  0.1584001E-02
9184.11	  0.1532745E-02
9311.74	  0.1483135E-02
9441.15	  0.1435021E-02
9572.36	  0.1388399E-02
9705.39	  0.1343174E-02
9840.27	  0.1299346E-02
9977.02	  0.1256866E-02
10115.7	  0.1215731E-02
10256.3	  0.1175840E-02
10398.8	  0.1137245E-02
10543.3	  0.1099800E-02
10689.8	  0.1063551E-02
10838.4	  0.1028425E-02
10989	  0.9944056E-03
11141.7	  0.9614681E-03
11296.6	  0.9295689E-03
11453.6	  0.8986723E-03
11612.7	  0.8687582E-03
11774.1	  0.8397975E-03
11937.8	  0.8117550E-03
12103.7	  0.7846103E-03
12271.9	  0.7583335E-03
12442.4	  0.7329009E-03
12615.3	  0.7082867E-03
12790.7	  0.6844658E-03
12968.4	  0.6614085E-03
13148.6	  0.6391000E-03
13331.4	  0.6175103E-03
13516.7	  0.5966295E-03
13704.5	  0.5764225E-03
13895	  0.5568697E-03
14088.1	  0.5379606E-03
14283.8	  0.5196708E-03
14482.4	  0.5019799E-03
14683.6	  0.4848685E-03
14887.7	  0.4683161E-03
15094.6	  0.4523080E-03
15304.4	  0.4368345E-03
15517.1	  0.4218699E-03
15732.7	  0.4074048E-03
15951.3	  0.3934093E-03
16173	  0.3798881E-03
16397.8	  0.3668116E-03
16625.7	  0.3541693E-03
16856.7	  0.3419567E-03
17091	  0.3301487E-03
17328.5	  0.3187354E-03
17569.3	  0.3077066E-03
17813.5	  0.2970473E-03
18061.1	  0.2867427E-03
18312.1	  0.2767880E-03
18566.6	  0.2671681E-03
18824.6	  0.2578725E-03
19086.2	  0.2488970E-03
19351.4	  0.2402208E-03
19620.4	  0.2318396E-03
19893	  0.2237433E-03
20169.5	  0.2159217E-03
20449.8	  0.2083698E-03
20734	  0.2010680E-03
21022.2	  0.1940208E-03
21314.3	  0.1872184E-03
21610.5	  0.1806409E-03
21910.9	  0.1742932E-03
22215.4	  0.1681603E-03
22524.1	  0.1622374E-03
22837.1	  0.1565244E-03
23154.5	  0.1510063E-03
23476.3	  0.1456780E-03
23802.5	  0.1405246E-03
24133.3	  0.1355611E-03
24468.7	  0.1307676E-03
24808.8	  0.1261339E-03
25153.6	  0.1216652E-03
25503.1	  0.1173514E-03
25857.6	  0.1131876E-03
26216.9	  0.1091685E-03
26581.3	  0.1052846E-03
26950.7	  0.1015426E-03
27325.2	  0.9792899E-04
27705	  0.9444127E-04
28090	  0.9107551E-04
28480.4	  0.8782770E-04
28876.2	  0.8469343E-04
29277.5	  0.8166854E-04
29684.3	  0.7875016E-04
30096.9	  0.7593420E-04
30515.1	  0.7321676E-04
30939.2	  0.7059523E-04
31369.2	  0.6806620E-04
31805.2	  0.6562620E-04
32247.2	  0.6327259E-04
32695.3	  0.6100152E-04
33149.7	  0.5881085E-04
33610.4	  0.5669771E-04
34077.5	  0.5465852E-04
34551.1	  0.5269287E-04
35031.2	  0.5079612E-04
35518.1	  0.4896643E-04
36011.7	  0.4720216E-04
36512.2	  0.4549988E-04
37019.6	  0.4385908E-04
37534.1	  0.4227584E-04
38055.7	  0.4074952E-04
38584.6	  0.3927718E-04
39120.8	  0.3785739E-04
39664.5	  0.3648801E-04
40215.7	  0.3516817E-04
40774.6	  0.3389484E-04
41341.3	  0.3266696E-04
41915.8	  0.3148356E-04
42498.3	  0.3034219E-04
43088.9	  0.2924181E-04
43687.7	  0.2818091E-04
44294.9	  0.2715751E-04
44910.5	  0.2617163E-04
45534.6	  0.2522019E-04
46167.4	  0.2430377E-04
46809	  0.2341986E-04
47459.6	  0.2256841E-04
48119.1	  0.2174651E-04
48787.9	  0.2095506E-04
49465.9	  0.2019161E-04
50153.3	  0.1945617E-04
50850.3	  0.1874670E-04
51557	  0.1806327E-04
52273.5	  0.1740431E-04
53000	  0.1676886E-04
53736.5	  0.1615690E-04
54483.3	  0.1556643E-04
55240.5	  0.1499797E-04
56008.2	  0.1445000E-04
56786.6	  0.1392154E-04
57575.8	  0.1341206E-04
58375.9	  0.1292159E-04
59187.2	  0.1244861E-04
60009.7	  0.1199313E-04
60843.7	  0.1155416E-04
61689.3	  0.1113068E-04
62546.6	  0.1072270E-04
63415.8	  0.1032971E-04
64297.2	  0.9950696E-05
65190.7	  0.9585905E-05
66096.7	  0.9234170E-05
67015.3	  0.8895281E-05
67946.6	  0.8568748E-05
68890.9	  0.8254060E-05
69848.3	  0.7950868E-05
70819	  0.7658733E-05
71803.2	  0.7377190E-05
72801.1	  0.7105951E-05
73812.8	  0.6844657E-05
74838.6	  0.6592922E-05
75878.7	  0.6350275E-05
76933.2	  0.6116641E-05
78002.4	  0.5891394E-05
79086.4	  0.5674502E-05
80185.5	  0.5465453E-05
81299.9	  0.5264161E-05
82429.7	  0.5070167E-05
83575.3	  0.4883275E-05
84736.8	  0.4703228E-05
85914.4	  0.4529784E-05
87108.4	  0.4362736E-05
88319	  0.4201793E-05
89546.4	  0.4046694E-05
90790.8	  0.3897347E-05
92052.6	  0.3753501E-05
93331.9	  0.3614856E-05
94628.9	  0.3481357E-05
95944	  0.3352761E-05
97277.4	  0.3228861E-05
98629.3	  0.3109516E-05
100000	  0.2994816E-05

































































































































































































































































































































































































































































































 

































































































































































































































































































































































