EkeV          Fluxpos
  1.0058E+03  2.4382E-07
  1.0174E+03  2.4804E-07
  1.0292E+03  2.5234E-07
  1.0411E+03  2.5673E-07
  1.0532E+03  2.6120E-07
  1.0654E+03  2.6576E-07
  1.0777E+03  2.7040E-07
  1.0902E+03  2.7514E-07
  1.1028E+03  2.7997E-07
  1.1156E+03  2.8489E-07
  1.1285E+03  2.8990E-07
  1.1416E+03  2.9502E-07
  1.1548E+03  3.0023E-07
  1.1682E+03  3.0555E-07
  1.1817E+03  3.1097E-07
  1.1954E+03  3.1650E-07
  1.2092E+03  3.2213E-07
  1.2232E+03  3.2788E-07
  1.2374E+03  3.3374E-07
  1.2517E+03  3.3972E-07
  1.2662E+03  3.4581E-07
  1.2809E+03  3.5202E-07
  1.2957E+03  3.5836E-07
  1.3107E+03  3.6482E-07
  1.3259E+03  3.7141E-07
  1.3412E+03  3.7813E-07
  1.3568E+03  3.8499E-07
  1.3725E+03  3.9198E-07
  1.3884E+03  3.9911E-07
  1.4044E+03  4.0638E-07
  1.4207E+03  4.1380E-07
  1.4371E+03  4.2137E-07
  1.4538E+03  4.2909E-07
  1.4706E+03  4.3696E-07
  1.4876E+03  4.4500E-07
  1.5049E+03  4.5319E-07
  1.5223E+03  4.6155E-07
  1.5399E+03  4.7008E-07
  1.5578E+03  4.7878E-07
  1.5758E+03  4.8765E-07
  1.5940E+03  4.9671E-07
  1.6125E+03  5.0595E-07
  1.6312E+03  5.1537E-07
  1.6501E+03  5.2499E-07
  1.6692E+03  5.3480E-07
  1.6885E+03  5.4482E-07
  1.7080E+03  5.5503E-07
  1.7278E+03  5.6546E-07
  1.7478E+03  5.7610E-07
  1.7681E+03  5.8695E-07
  1.7885E+03  5.9803E-07
  1.8093E+03  6.0933E-07
  1.8302E+03  6.2087E-07
  1.8514E+03  6.3264E-07
  1.8728E+03  6.4466E-07
  1.8945E+03  6.5692E-07
  1.9165E+03  6.6943E-07
  1.9387E+03  6.8220E-07
  1.9611E+03  6.9524E-07
  1.9838E+03  7.0854E-07
  2.0068E+03  7.2212E-07
  2.0300E+03  7.3598E-07
  2.0535E+03  7.5013E-07
  2.0773E+03  7.6457E-07
  2.1014E+03  7.7931E-07
  2.1257E+03  7.9435E-07
  2.1503E+03  8.0971E-07
  2.1752E+03  8.2539E-07
  2.2004E+03  8.4139E-07
  2.2259E+03  8.5773E-07
  2.2516E+03  8.7441E-07
  2.2777E+03  8.9143E-07
  2.3041E+03  9.0881E-07
  2.3308E+03  9.2656E-07
  2.3578E+03  9.4467E-07
  2.3851E+03  9.6317E-07
  2.4127E+03  9.8205E-07
  2.4406E+03  1.0013E-06
  2.4689E+03  1.0210E-06
  2.4975E+03  1.0411E-06
  2.5264E+03  1.0616E-06
  2.5556E+03  1.0826E-06
  2.5852E+03  1.1040E-06
  2.6152E+03  1.1258E-06
  2.6455E+03  1.1481E-06
  2.6761E+03  1.1709E-06
  2.7071E+03  1.1941E-06
  2.7384E+03  1.2179E-06
  2.7701E+03  1.2421E-06
  2.8022E+03  1.2669E-06
  2.8347E+03  1.2922E-06
  2.8675E+03  1.3180E-06
  2.9007E+03  1.3444E-06
  2.9343E+03  1.3713E-06
  2.9682E+03  1.3988E-06
  3.0026E+03  1.4269E-06
  3.0374E+03  1.4555E-06
  3.0726E+03  1.4848E-06
  3.1081E+03  1.5147E-06
  3.1441E+03  1.5453E-06
  3.1805E+03  1.5765E-06
  3.2174E+03  1.6083E-06
  3.2546E+03  1.6409E-06
  3.2923E+03  1.6741E-06
  3.3304E+03  1.7081E-06
  3.3690E+03  1.7427E-06
  3.4080E+03  1.7781E-06
  3.4475E+03  1.8143E-06
  3.4874E+03  1.8513E-06
  3.5278E+03  1.8890E-06
  3.5686E+03  1.9275E-06
  3.6099E+03  1.9669E-06
  3.6517E+03  2.0071E-06
  3.6940E+03  2.0482E-06
  3.7368E+03  2.0901E-06
  3.7801E+03  2.1330E-06
  3.8238E+03  2.1768E-06
  3.8681E+03  2.2215E-06
  3.9129E+03  2.2672E-06
  3.9582E+03  2.3138E-06
  4.0041E+03  2.3615E-06
  4.0504E+03  2.4102E-06
  4.0973E+03  2.4599E-06
  4.1448E+03  2.5107E-06
  4.1928E+03  2.5626E-06
  4.2413E+03  2.6156E-06
  4.2904E+03  2.6698E-06
  4.3401E+03  2.7251E-06
  4.3904E+03  2.7816E-06
  4.4412E+03  2.8394E-06
  4.4926E+03  2.8984E-06
  4.5446E+03  2.9587E-06
  4.5973E+03  3.0202E-06
  4.6505E+03  3.0831E-06
  4.7044E+03  3.1474E-06
  4.7588E+03  3.2130E-06
  4.8139E+03  3.2801E-06
  4.8697E+03  3.3486E-06
  4.9261E+03  3.4186E-06
  4.9831E+03  3.4901E-06
  5.0408E+03  3.5632E-06
  5.0992E+03  3.6378E-06
  5.1582E+03  3.7141E-06
  5.2180E+03  3.7920E-06
  5.2784E+03  3.8716E-06
  5.3395E+03  3.9529E-06
  5.4013E+03  4.0360E-06
  5.4639E+03  4.1209E-06
  5.5271E+03  4.2077E-06
  5.5911E+03  4.2963E-06
  5.6559E+03  4.3868E-06
  5.7214E+03  4.4793E-06
  5.7876E+03  4.5738E-06
  5.8546E+03  4.6704E-06
  5.9224E+03  4.7690E-06
  5.9910E+03  4.8698E-06
  6.0604E+03  4.9728E-06
  6.1306E+03  5.0780E-06
  6.2015E+03  5.1856E-06
  6.2734E+03  5.2954E-06
  6.3460E+03  5.4076E-06
  6.4195E+03  5.5223E-06
  6.4938E+03  5.6394E-06
  6.5690E+03  5.7591E-06
  6.6451E+03  5.8814E-06
  6.7220E+03  6.0064E-06
  6.7999E+03  6.1341E-06
  6.8786E+03  6.2645E-06
  6.9582E+03  6.3978E-06
  7.0388E+03  6.5339E-06
  7.1203E+03  6.6731E-06
  7.2028E+03  6.8152E-06
  7.2862E+03  6.9605E-06
  7.3706E+03  7.1089E-06
  7.4559E+03  7.2605E-06
  7.5422E+03  7.4154E-06
  7.6296E+03  7.5737E-06
  7.7179E+03  7.7354E-06
  7.8073E+03  7.9006E-06
  7.8977E+03  8.0694E-06
  7.9891E+03  8.2419E-06
  8.0816E+03  8.4181E-06
  8.1752E+03  8.5981E-06
  8.2699E+03  8.7821E-06
  8.3657E+03  8.9700E-06
  8.4625E+03  9.1621E-06
  8.5605E+03  9.3583E-06
  8.6596E+03  9.5587E-06
  8.7599E+03  9.7635E-06
  8.8614E+03  9.9727E-06
  8.9640E+03  1.0186E-05
  9.0678E+03  1.0405E-05
  9.1728E+03  1.0628E-05
  9.2790E+03  1.0856E-05
  9.3864E+03  1.1089E-05
  9.4951E+03  1.1327E-05
  9.6051E+03  1.1570E-05
  9.7163E+03  1.1818E-05
  9.8288E+03  1.2072E-05
  9.9426E+03  1.2331E-05
  1.0058E+04  1.2596E-05
  1.0174E+04  1.2867E-05
  1.0292E+04  1.3143E-05
  1.0411E+04  1.3425E-05
  1.0532E+04  1.3714E-05
  1.0654E+04  1.4009E-05
  1.0777E+04  1.4310E-05
  1.0902E+04  1.4617E-05
  1.1028E+04  1.4931E-05
  1.1156E+04  1.5252E-05
  1.1285E+04  1.5580E-05
  1.1416E+04  1.5915E-05
  1.1548E+04  1.6258E-05
  1.1682E+04  1.6607E-05
  1.1817E+04  1.6964E-05
  1.1954E+04  1.7329E-05
  1.2092E+04  1.7701E-05
  1.2232E+04  1.8082E-05
  1.2374E+04  1.8471E-05
  1.2517E+04  1.8868E-05
  1.2662E+04  1.9274E-05
  1.2809E+04  1.9688E-05
  1.2957E+04  2.0111E-05
  1.3107E+04  2.0543E-05
  1.3259E+04  2.0985E-05
  1.3412E+04  2.1436E-05
  1.3568E+04  2.1897E-05
  1.3725E+04  2.2367E-05
  1.3884E+04  2.2848E-05
  1.4044E+04  2.3339E-05
  1.4207E+04  2.3840E-05
  1.4371E+04  2.4352E-05
  1.4538E+04  2.4875E-05
  1.4706E+04  2.5409E-05
  1.4876E+04  2.5954E-05
  1.5049E+04  2.6511E-05
  1.5223E+04  2.7080E-05
  1.5399E+04  2.7661E-05
  1.5578E+04  2.8254E-05
  1.5758E+04  2.8860E-05
  1.5940E+04  2.9479E-05
  1.6125E+04  3.0111E-05
  1.6312E+04  3.0756E-05
  1.6501E+04  3.1415E-05
  1.6692E+04  3.2088E-05
  1.6885E+04  3.2775E-05
  1.7080E+04  3.3476E-05
  1.7278E+04  3.4193E-05
  1.7478E+04  3.4924E-05
  1.7681E+04  3.5671E-05
  1.7885E+04  3.6433E-05
  1.8093E+04  3.7212E-05
  1.8302E+04  3.8007E-05
  1.8514E+04  3.8818E-05
  1.8728E+04  3.9647E-05
  1.8945E+04  4.0493E-05
  1.9165E+04  4.1356E-05
  1.9387E+04  4.2238E-05
  1.9611E+04  4.3138E-05
  1.9838E+04  4.4057E-05
  2.0068E+04  4.4995E-05
  2.0300E+04  4.5952E-05
  2.0535E+04  4.6929E-05
  2.0773E+04  4.7927E-05
  2.1014E+04  4.8946E-05
  2.1257E+04  4.9985E-05
  2.1503E+04  5.1046E-05
  2.1752E+04  5.2129E-05
  2.2004E+04  5.3234E-05
  2.2259E+04  5.4362E-05
  2.2516E+04  5.5514E-05
  2.2777E+04  5.6689E-05
  2.3041E+04  5.7888E-05
  2.3308E+04  5.9112E-05
  2.3578E+04  6.0361E-05
  2.3851E+04  6.1635E-05
  2.4127E+04  6.2936E-05
  2.4406E+04  6.4263E-05
  2.4689E+04  6.5617E-05
  2.4975E+04  6.6999E-05
  2.5264E+04  6.8409E-05
  2.5556E+04  6.9847E-05
  2.5852E+04  7.1315E-05
  2.6152E+04  7.2813E-05
  2.6455E+04  7.4340E-05
  2.6761E+04  7.5899E-05
  2.7071E+04  7.7489E-05
  2.7384E+04  7.9111E-05
  2.7701E+04  8.0766E-05
  2.8022E+04  8.2454E-05
  2.8347E+04  8.4175E-05
  2.8675E+04  8.5931E-05
  2.9007E+04  8.7723E-05
  2.9343E+04  8.9550E-05
  2.9682E+04  9.1413E-05
  3.0026E+04  9.3313E-05
  3.0374E+04  9.5251E-05
  3.0726E+04  9.7228E-05
  3.1081E+04  9.9243E-05
  3.1441E+04  1.0130E-04
  3.1805E+04  1.0339E-04
  3.2174E+04  1.0553E-04
  3.2546E+04  1.0771E-04
  3.2923E+04  1.0993E-04
  3.3304E+04  1.1220E-04
  3.3690E+04  1.1451E-04
  3.4080E+04  1.1686E-04
  3.4475E+04  1.1926E-04
  3.4874E+04  1.2171E-04
  3.5278E+04  1.2420E-04
  3.5686E+04  1.2674E-04
  3.6099E+04  1.2933E-04
  3.6517E+04  1.3197E-04
  3.6940E+04  1.3467E-04
  3.7368E+04  1.3741E-04
  3.7801E+04  1.4020E-04
  3.8238E+04  1.4305E-04
  3.8681E+04  1.4596E-04
  3.9129E+04  1.4891E-04
  3.9582E+04  1.5193E-04
  4.0041E+04  1.5500E-04
  4.0504E+04  1.5813E-04
  4.0973E+04  1.6131E-04
  4.1448E+04  1.6456E-04
  4.1928E+04  1.6787E-04
  4.2413E+04  1.7124E-04
  4.2904E+04  1.7467E-04
  4.3401E+04  1.7816E-04
  4.3904E+04  1.8172E-04
  4.4412E+04  1.8535E-04
  4.4926E+04  1.8904E-04
  4.5446E+04  1.9280E-04
  4.5973E+04  1.9663E-04
  4.6505E+04  2.0053E-04
  4.7044E+04  2.0449E-04
  4.7588E+04  2.0854E-04
  4.8139E+04  2.1265E-04
  4.8697E+04  2.1684E-04
  4.9261E+04  2.2110E-04
  4.9831E+04  2.2544E-04
  5.0408E+04  2.2985E-04
  5.0992E+04  2.3435E-04
  5.1582E+04  2.3892E-04
  5.2180E+04  2.4358E-04
  5.2784E+04  2.4831E-04
  5.3395E+04  2.5313E-04
  5.4013E+04  2.5804E-04
  5.4639E+04  2.6303E-04
  5.5271E+04  2.6810E-04
  5.5911E+04  2.7327E-04
  5.6559E+04  2.7852E-04
  5.7214E+04  2.8386E-04
  5.7876E+04  2.8929E-04
  5.8546E+04  2.9482E-04
  5.9224E+04  3.0044E-04
  5.9910E+04  3.0615E-04
  6.0604E+04  3.1196E-04
  6.1306E+04  3.1786E-04
  6.2015E+04  3.2387E-04
  6.2734E+04  3.2997E-04
  6.3460E+04  3.3618E-04
  6.4195E+04  3.4248E-04
  6.4938E+04  3.4889E-04
  6.5690E+04  3.5541E-04
  6.6451E+04  3.6202E-04
  6.7220E+04  3.6875E-04
  6.7999E+04  3.7558E-04
  6.8786E+04  3.8252E-04
  6.9582E+04  3.8958E-04
  7.0388E+04  3.9674E-04
  7.1203E+04  4.0402E-04
  7.2028E+04  4.1141E-04
  7.2862E+04  4.1891E-04
  7.3706E+04  4.2653E-04
  7.4559E+04  4.3427E-04
  7.5422E+04  4.4212E-04
  7.6296E+04  4.5010E-04
  7.7179E+04  4.5819E-04
  7.8073E+04  4.6641E-04
  7.8977E+04  4.7475E-04
  7.9891E+04  4.8321E-04
  8.0816E+04  4.9180E-04
  8.1752E+04  5.0051E-04
  8.2699E+04  5.0935E-04
  8.3657E+04  5.1831E-04
  8.4625E+04  5.2741E-04
  8.5605E+04  5.3663E-04
  8.6596E+04  5.4599E-04
  8.7599E+04  5.5547E-04
  8.8614E+04  5.6509E-04
  8.9640E+04  5.7484E-04
  9.0678E+04  5.8472E-04
  9.1728E+04  5.9474E-04
  9.2790E+04  6.0490E-04
  9.3864E+04  6.1519E-04
  9.4951E+04  6.2561E-04
  9.6051E+04  6.3618E-04
  9.7163E+04  6.4688E-04
  9.8288E+04  6.5772E-04
  9.9426E+04  6.6870E-04
  1.0058E+05  6.7982E-04
  1.0174E+05  6.9107E-04
  1.0292E+05  7.0247E-04
  1.0411E+05  7.1401E-04
  1.0532E+05  7.2569E-04
  1.0654E+05  7.3751E-04
  1.0777E+05  7.4947E-04
  1.0902E+05  7.6158E-04
  1.1028E+05  7.7382E-04
  1.1156E+05  7.8621E-04
  1.1285E+05  7.9874E-04
  1.1416E+05  8.1141E-04
  1.1548E+05  8.2422E-04
  1.1682E+05  8.3718E-04
  1.1817E+05  8.5027E-04
  1.1954E+05  8.6351E-04
  1.2092E+05  8.7688E-04
  1.2232E+05  8.9040E-04
  1.2374E+05  9.0405E-04
  1.2517E+05  9.1785E-04
  1.2662E+05  9.3178E-04
  1.2809E+05  9.4585E-04
  1.2957E+05  9.6006E-04
  1.3107E+05  9.7440E-04
  1.3259E+05  9.8888E-04
  1.3412E+05  1.0035E-03
  1.3568E+05  1.0182E-03
  1.3725E+05  1.0331E-03
  1.3884E+05  1.0481E-03
  1.4044E+05  1.0633E-03
  1.4207E+05  1.0785E-03
  1.4371E+05  1.0939E-03
  1.4538E+05  1.1094E-03
  1.4706E+05  1.1250E-03
  1.4876E+05  1.1408E-03
  1.5049E+05  1.1567E-03
  1.5223E+05  1.1727E-03
  1.5399E+05  1.1888E-03
  1.5578E+05  1.2050E-03
  1.5758E+05  1.2213E-03
  1.5940E+05  1.2378E-03
  1.6125E+05  1.2543E-03
  1.6312E+05  1.2709E-03
  1.6501E+05  1.2877E-03
  1.6692E+05  1.3045E-03
  1.6885E+05  1.3215E-03
  1.7080E+05  1.3385E-03
  1.7278E+05  1.3556E-03
  1.7478E+05  1.3728E-03
  1.7681E+05  1.3901E-03
  1.7885E+05  1.4074E-03
  1.8093E+05  1.4249E-03
  1.8302E+05  1.4424E-03
  1.8514E+05  1.4599E-03
  1.8728E+05  1.4776E-03
  1.8945E+05  1.4952E-03
  1.9165E+05  1.5130E-03
  1.9387E+05  1.5308E-03
  1.9611E+05  1.5486E-03
  1.9838E+05  1.5665E-03
  2.0068E+05  1.5844E-03
  2.0300E+05  1.6024E-03
  2.0535E+05  1.6203E-03
  2.0773E+05  1.6383E-03
  2.1014E+05  1.6564E-03
  2.1257E+05  1.6744E-03
  2.1503E+05  1.6924E-03
  2.1752E+05  1.7105E-03
  2.2004E+05  1.7285E-03
  2.2259E+05  1.7465E-03
  2.2516E+05  1.7645E-03
  2.2777E+05  1.7825E-03
  2.3041E+05  1.8005E-03
  2.3308E+05  1.8184E-03
  2.3578E+05  1.8363E-03
  2.3851E+05  1.8541E-03
  2.4127E+05  1.8719E-03
  2.4406E+05  1.8897E-03
  2.4689E+05  1.9074E-03
  2.4975E+05  1.9250E-03
  2.5264E+05  1.9425E-03
  2.5556E+05  1.9600E-03
  2.5852E+05  1.9773E-03
  2.6152E+05  1.9946E-03
  2.6455E+05  2.0117E-03
  2.6761E+05  2.0288E-03
  2.7071E+05  2.0457E-03
  2.7384E+05  2.0625E-03
  2.7701E+05  2.0792E-03
  2.8022E+05  2.0958E-03
  2.8347E+05  2.1122E-03
  2.8675E+05  2.1284E-03
  2.9007E+05  2.1445E-03
  2.9343E+05  2.1605E-03
  2.9682E+05  2.1762E-03
  3.0026E+05  2.1918E-03
  3.0374E+05  2.2072E-03
  3.0726E+05  2.2224E-03
  3.1081E+05  2.2374E-03
  3.1441E+05  2.2522E-03
  3.1805E+05  2.2668E-03
  3.2174E+05  2.2811E-03
  3.2546E+05  2.2952E-03
  3.2923E+05  2.3091E-03
  3.3304E+05  2.3228E-03
  3.3690E+05  2.3362E-03
  3.4080E+05  2.3493E-03
  3.4475E+05  2.3622E-03
  3.4874E+05  2.3748E-03
  3.5278E+05  2.3871E-03
  3.5686E+05  2.3991E-03
  3.6099E+05  2.4109E-03
  3.6517E+05  2.4223E-03
  3.6940E+05  2.4335E-03
  3.7368E+05  2.4443E-03
  3.7801E+05  2.4548E-03
  3.8238E+05  2.4650E-03
  3.8681E+05  2.4749E-03
  3.9129E+05  2.4844E-03
  3.9582E+05  2.4936E-03
  4.0041E+05  2.5025E-03
  4.0504E+05  2.5110E-03
  4.0973E+05  2.5191E-03
  4.1448E+05  2.5269E-03
  4.1928E+05  2.5343E-03
  4.2413E+05  2.5413E-03
  4.2904E+05  2.5480E-03
  4.3401E+05  2.5542E-03
  4.3904E+05  2.5601E-03
  4.4412E+05  2.5656E-03
  4.4926E+05  2.5707E-03
  4.5446E+05  2.5755E-03
  4.5973E+05  2.5798E-03
  4.6505E+05  2.5837E-03
  4.7044E+05  2.5871E-03
  4.7588E+05  2.5902E-03
  4.8139E+05  2.5929E-03
  4.8697E+05  2.5951E-03
  4.9261E+05  2.5970E-03
  4.9831E+05  2.5984E-03
  5.0408E+05  2.5994E-03
  5.0992E+05  2.5999E-03
  5.1582E+05  2.6000E-03
  5.2180E+05  2.5997E-03
  5.2784E+05  2.5990E-03
  5.3395E+05  2.5979E-03
  5.4013E+05  2.5963E-03
  5.4639E+05  2.5942E-03
  5.5271E+05  2.5918E-03
  5.5911E+05  2.5889E-03
  5.6559E+05  2.5856E-03
  5.7214E+05  2.5818E-03
  5.7876E+05  2.5777E-03
  5.8546E+05  2.5731E-03
  5.9224E+05  2.5680E-03
  5.9910E+05  2.5626E-03
  6.0604E+05  2.5567E-03
  6.1306E+05  2.5504E-03
  6.2015E+05  2.5437E-03
  6.2734E+05  2.5365E-03
  6.3460E+05  2.5290E-03
  6.4195E+05  2.5210E-03
  6.4938E+05  2.5127E-03
  6.5690E+05  2.5039E-03
  6.6451E+05  2.4947E-03
  6.7220E+05  2.4852E-03
  6.7999E+05  2.4752E-03
  6.8786E+05  2.4649E-03
  6.9582E+05  2.4541E-03
  7.0388E+05  2.4430E-03
  7.1203E+05  2.4315E-03
  7.2028E+05  2.4197E-03
  7.2862E+05  2.4075E-03
  7.3706E+05  2.3949E-03
  7.4559E+05  2.3820E-03
  7.5422E+05  2.3688E-03
  7.6296E+05  2.3552E-03
  7.7179E+05  2.3412E-03
  7.8073E+05  2.3270E-03
  7.8977E+05  2.3124E-03
  7.9891E+05  2.2975E-03
  8.0816E+05  2.2824E-03
  8.1752E+05  2.2669E-03
  8.2699E+05  2.2511E-03
  8.3657E+05  2.2350E-03
  8.4625E+05  2.2187E-03
  8.5605E+05  2.2021E-03
  8.6596E+05  2.1853E-03
  8.7599E+05  2.1682E-03
  8.8614E+05  2.1508E-03
  8.9640E+05  2.1332E-03
  9.0678E+05  2.1154E-03
  9.1728E+05  2.0974E-03
  9.2790E+05  2.0791E-03
  9.3864E+05  2.0607E-03
  9.4951E+05  2.0420E-03
  9.6051E+05  2.0232E-03
  9.7163E+05  2.0042E-03
  9.8288E+05  1.9850E-03
  9.9426E+05  1.9657E-03
  1.0058E+06  1.9462E-03
  1.0174E+06  1.9266E-03
  1.0292E+06  1.9069E-03
  1.0411E+06  1.8870E-03
  1.0532E+06  1.8670E-03
  1.0654E+06  1.8469E-03
  1.0777E+06  1.8267E-03
  1.0902E+06  1.8064E-03
  1.1028E+06  1.7860E-03
  1.1156E+06  1.7655E-03
  1.1285E+06  1.7450E-03
  1.1416E+06  1.7244E-03
  1.1548E+06  1.7038E-03
  1.1682E+06  1.6831E-03
  1.1817E+06  1.6624E-03
  1.1954E+06  1.6417E-03
  1.2092E+06  1.6209E-03
  1.2232E+06  1.6001E-03
  1.2374E+06  1.5794E-03
  1.2517E+06  1.5586E-03
  1.2662E+06  1.5379E-03
  1.2809E+06  1.5172E-03
  1.2957E+06  1.4965E-03
  1.3107E+06  1.4758E-03
  1.3259E+06  1.4552E-03
  1.3412E+06  1.4346E-03
  1.3568E+06  1.4141E-03
  1.3725E+06  1.3936E-03
  1.3884E+06  1.3732E-03
  1.4044E+06  1.3529E-03
  1.4207E+06  1.3327E-03
  1.4371E+06  1.3125E-03
  1.4538E+06  1.2925E-03
  1.4706E+06  1.2725E-03
  1.4876E+06  1.2527E-03
  1.5049E+06  1.2329E-03
  1.5223E+06  1.2133E-03
  1.5399E+06  1.1938E-03
  1.5578E+06  1.1744E-03
  1.5758E+06  1.1552E-03
  1.5940E+06  1.1360E-03
  1.6125E+06  1.1171E-03
  1.6312E+06  1.0982E-03
  1.6501E+06  1.0795E-03
  1.6692E+06  1.0610E-03
  1.6885E+06  1.0426E-03
  1.7080E+06  1.0244E-03
  1.7278E+06  1.0063E-03
  1.7478E+06  9.8840E-04
  1.7681E+06  9.7066E-04
  1.7885E+06  9.5310E-04
  1.8093E+06  9.3572E-04
  1.8302E+06  9.1851E-04
  1.8514E+06  9.0148E-04
  1.8728E+06  8.8463E-04
  1.8945E+06  8.6796E-04
  1.9165E+06  8.5148E-04
  1.9387E+06  8.3519E-04
  1.9611E+06  8.1909E-04
  1.9838E+06  8.0318E-04
  2.0068E+06  7.8747E-04
  2.0300E+06  7.7194E-04
  2.0535E+06  7.5662E-04
  2.0773E+06  7.4149E-04
  2.1014E+06  7.2655E-04
  2.1257E+06  7.1182E-04
  2.1503E+06  6.9728E-04
  2.1752E+06  6.8294E-04
  2.2004E+06  6.6881E-04
  2.2259E+06  6.5487E-04
  2.2516E+06  6.4114E-04
  2.2777E+06  6.2760E-04
  2.3041E+06  6.1426E-04
  2.3308E+06  6.0113E-04
  2.3578E+06  5.8819E-04
  2.3851E+06  5.7546E-04
  2.4127E+06  5.6292E-04
  2.4406E+06  5.5058E-04
  2.4689E+06  5.3844E-04
  2.4975E+06  5.2650E-04
  2.5264E+06  5.1475E-04
  2.5556E+06  5.0320E-04
  2.5852E+06  4.9185E-04
  2.6152E+06  4.8068E-04
  2.6455E+06  4.6971E-04
  2.6761E+06  4.5893E-04
  2.7071E+06  4.4834E-04
  2.7384E+06  4.3794E-04
  2.7701E+06  4.2773E-04
  2.8022E+06  4.1770E-04
  2.8347E+06  4.0785E-04
  2.8675E+06  3.9819E-04
  2.9007E+06  3.8871E-04
  2.9343E+06  3.7941E-04
  2.9682E+06  3.7028E-04
  3.0026E+06  3.6133E-04
  3.0374E+06  3.5256E-04
  3.0726E+06  3.4395E-04
  3.1081E+06  3.3552E-04
  3.1441E+06  3.2725E-04
  3.1805E+06  3.1915E-04
  3.2174E+06  3.1122E-04
  3.2546E+06  3.0344E-04
  3.2923E+06  2.9583E-04
  3.3304E+06  2.8837E-04
  3.3690E+06  2.8107E-04
  3.4080E+06  2.7393E-04
  3.4475E+06  2.6693E-04
  3.4874E+06  2.6009E-04
  3.5278E+06  2.5339E-04
  3.5686E+06  2.4684E-04
  3.6099E+06  2.4043E-04
  3.6517E+06  2.3416E-04
  3.6940E+06  2.2803E-04
  3.7368E+06  2.2204E-04
  3.7801E+06  2.1618E-04
  3.8238E+06  2.1046E-04
  3.8681E+06  2.0486E-04
  3.9129E+06  1.9939E-04
  3.9582E+06  1.9405E-04
  4.0041E+06  1.8884E-04
  4.0504E+06  1.8374E-04
  4.0973E+06  1.7876E-04
  4.1448E+06  1.7390E-04
  4.1928E+06  1.6916E-04
  4.2413E+06  1.6453E-04
  4.2904E+06  1.6001E-04
  4.3401E+06  1.5560E-04
  4.3904E+06  1.5130E-04
  4.4412E+06  1.4710E-04
  4.4926E+06  1.4300E-04
  4.5446E+06  1.3901E-04
  4.5973E+06  1.3511E-04
  4.6505E+06  1.3132E-04
  4.7044E+06  1.2761E-04
  4.7588E+06  1.2400E-04
  4.8139E+06  1.2048E-04
  4.8697E+06  1.1705E-04
  4.9261E+06  1.1371E-04
  4.9831E+06  1.1046E-04
  5.0408E+06  1.0728E-04
  5.0992E+06  1.0419E-04
  5.1582E+06  1.0118E-04
  5.2180E+06  9.8251E-05
  5.2784E+06  9.5397E-05
  5.3395E+06  9.2617E-05
  5.4013E+06  8.9911E-05
  5.4639E+06  8.7277E-05
  5.5271E+06  8.4713E-05
  5.5911E+06  8.2218E-05
  5.6559E+06  7.9790E-05
  5.7214E+06  7.7427E-05
  5.7876E+06  7.5128E-05
  5.8546E+06  7.2892E-05
  5.9224E+06  7.0717E-05
  5.9910E+06  6.8602E-05
  6.0604E+06  6.6545E-05
  6.1306E+06  6.4544E-05
  6.2015E+06  6.2599E-05
  6.2734E+06  6.0708E-05
  6.3460E+06  5.8870E-05
  6.4195E+06  5.7083E-05
  6.4938E+06  5.5347E-05
  6.5690E+06  5.3659E-05
  6.6451E+06  5.2020E-05
  6.7220E+06  5.0426E-05
  6.7999E+06  4.8879E-05
  6.8786E+06  4.7375E-05
  6.9582E+06  4.5914E-05
  7.0388E+06  4.4496E-05
  7.1203E+06  4.3118E-05
  7.2028E+06  4.1780E-05
  7.2862E+06  4.0482E-05
  7.3706E+06  3.9220E-05
  7.4559E+06  3.7996E-05
  7.5422E+06  3.6808E-05
  7.6296E+06  3.5654E-05
  7.7179E+06  3.4534E-05
  7.8073E+06  3.3448E-05
  7.8977E+06  3.2393E-05
  7.9891E+06  3.1370E-05
  8.0816E+06  3.0378E-05
  8.1752E+06  2.9415E-05
  8.2699E+06  2.8481E-05
  8.3657E+06  2.7574E-05
  8.4625E+06  2.6696E-05
  8.5605E+06  2.5843E-05
  8.6596E+06  2.5017E-05
  8.7599E+06  2.4215E-05
  8.8614E+06  2.3438E-05
  8.9640E+06  2.2684E-05
  9.0678E+06  2.1954E-05
  9.1728E+06  2.1246E-05
  9.2790E+06  2.0559E-05
  9.3864E+06  1.9894E-05
  9.4951E+06  1.9249E-05
  9.6051E+06  1.8624E-05
  9.7163E+06  1.8018E-05
  9.8288E+06  1.7432E-05
  9.9426E+06  1.6863E-05
  1.0058E+07  1.6312E-05
  1.0174E+07  1.5779E-05
  1.0292E+07  1.5262E-05
  1.0411E+07  1.4761E-05
  1.0532E+07  1.4276E-05
  1.0654E+07  1.3806E-05
  1.0777E+07  1.3351E-05
  1.0902E+07  1.2911E-05
  1.1028E+07  1.2484E-05
  1.1156E+07  1.2071E-05
  1.1285E+07  1.1671E-05
  1.1416E+07  1.1284E-05
  1.1548E+07  1.0909E-05
  1.1682E+07  1.0546E-05
  1.1817E+07  1.0195E-05
  1.1954E+07  9.8548E-06
  1.2092E+07  9.5258E-06
  1.2232E+07  9.2073E-06
  1.2374E+07  8.8991E-06
  1.2517E+07  8.6008E-06
  1.2662E+07  8.3122E-06
  1.2809E+07  8.0329E-06
  1.2957E+07  7.7627E-06
  1.3107E+07  7.5013E-06
  1.3259E+07  7.2484E-06
  1.3412E+07  7.0038E-06
  1.3568E+07  6.7671E-06
  1.3725E+07  6.5382E-06
  1.3884E+07  6.3168E-06
  1.4044E+07  6.1026E-06
  1.4207E+07  5.8955E-06
  1.4371E+07  5.6952E-06
  1.4538E+07  5.5015E-06
  1.4706E+07  5.3142E-06
  1.4876E+07  5.1331E-06
  1.5049E+07  4.9580E-06
  1.5223E+07  4.7887E-06
  1.5399E+07  4.6250E-06
  1.5578E+07  4.4667E-06
  1.5758E+07  4.3137E-06
  1.5940E+07  4.1658E-06
  1.6125E+07  4.0229E-06
  1.6312E+07  3.8847E-06
  1.6501E+07  3.7511E-06
  1.6692E+07  3.6220E-06
  1.6885E+07  3.4973E-06
  1.7080E+07  3.3767E-06
  1.7278E+07  3.2602E-06
  1.7478E+07  3.1476E-06
  1.7681E+07  3.0388E-06
  1.7885E+07  2.9337E-06
  1.8093E+07  2.8321E-06
  1.8302E+07  2.7340E-06
  1.8514E+07  2.6391E-06
  1.8728E+07  2.5475E-06
  1.8945E+07  2.4590E-06
  1.9165E+07  2.3735E-06
  1.9387E+07  2.2909E-06
  1.9611E+07  2.2112E-06
  1.9838E+07  2.1341E-06
  2.0068E+07  2.0597E-06
  2.0300E+07  1.9878E-06
  2.0535E+07  1.9184E-06
  2.0773E+07  1.8513E-06
  2.1014E+07  1.7865E-06
  2.1257E+07  1.7240E-06
  2.1503E+07  1.6636E-06
  2.1752E+07  1.6053E-06
  2.2004E+07  1.5490E-06
  2.2259E+07  1.4946E-06
  2.2516E+07  1.4421E-06
  2.2777E+07  1.3914E-06
  2.3041E+07  1.3425E-06
  2.3308E+07  1.2952E-06
  2.3578E+07  1.2496E-06
  2.3851E+07  1.2056E-06
  2.4127E+07  1.1630E-06
  2.4406E+07  1.1220E-06
  2.4689E+07  1.0824E-06
  2.4975E+07  1.0441E-06
  2.5264E+07  1.0072E-06
  2.5556E+07  9.7159E-07
  2.5852E+07  9.3720E-07
  2.6152E+07  9.0400E-07
  2.6455E+07  8.7197E-07
  2.6761E+07  8.4105E-07
  2.7071E+07  8.1121E-07
  2.7384E+07  7.8241E-07
  2.7701E+07  7.5462E-07
  2.8022E+07  7.2780E-07
  2.8347E+07  7.0192E-07
  2.8675E+07  6.7695E-07
  2.9007E+07  6.5285E-07
  2.9343E+07  6.2960E-07
  2.9682E+07  6.0717E-07
  3.0026E+07  5.8552E-07
  3.0374E+07  5.6464E-07
  3.0726E+07  5.4448E-07
  3.1081E+07  5.2504E-07
  3.1441E+07  5.0629E-07
  3.1805E+07  4.8819E-07
  3.2174E+07  4.7074E-07
  3.2546E+07  4.5390E-07
  3.2923E+07  4.3765E-07
  3.3304E+07  4.2198E-07
  3.3690E+07  4.0686E-07
  3.4080E+07  3.9228E-07
  3.4475E+07  3.7821E-07
  3.4874E+07  3.6465E-07
  3.5278E+07  3.5156E-07
  3.5686E+07  3.3894E-07
  3.6099E+07  3.2676E-07
  3.6517E+07  3.1502E-07
  3.6940E+07  3.0369E-07
  3.7368E+07  2.9277E-07
  3.7801E+07  2.8224E-07
  3.8238E+07  2.7208E-07
  3.8681E+07  2.6228E-07
  3.9129E+07  2.5283E-07
  3.9582E+07  2.4372E-07
  4.0041E+07  2.3494E-07
  4.0504E+07  2.2646E-07
  4.0973E+07  2.1829E-07
  4.1448E+07  2.1041E-07
  4.1928E+07  2.0282E-07
  4.2413E+07  1.9549E-07
  4.2904E+07  1.8843E-07
  4.3401E+07  1.8162E-07
  4.3904E+07  1.7505E-07
  4.4412E+07  1.6872E-07
  4.4926E+07  1.6262E-07
  4.5446E+07  1.5673E-07
  4.5973E+07  1.5106E-07
  4.6505E+07  1.4558E-07
  4.7044E+07  1.4031E-07
  4.7588E+07  1.3522E-07
  4.8139E+07  1.3032E-07
  4.8697E+07  1.2560E-07
  4.9261E+07  1.2104E-07
  4.9831E+07  1.1665E-07
  5.0408E+07  1.1241E-07
  5.0992E+07  1.0833E-07
  5.1582E+07  1.0440E-07
  5.2180E+07  1.0060E-07
  5.2784E+07  9.6947E-08
  5.3395E+07  9.3423E-08
  5.4013E+07  9.0026E-08
  5.4639E+07  8.6751E-08
  5.5271E+07  8.3595E-08
  5.5911E+07  8.0552E-08
  5.6559E+07  7.7620E-08
  5.7214E+07  7.4793E-08
  5.7876E+07  7.2069E-08
  5.8546E+07  6.9443E-08
  5.9224E+07  6.6913E-08
  5.9910E+07  6.4473E-08
  6.0604E+07  6.2123E-08
  6.1306E+07  5.9857E-08
  6.2015E+07  5.7673E-08
  6.2734E+07  5.5569E-08
  6.3460E+07  5.3541E-08
  6.4195E+07  5.1586E-08
  6.4938E+07  4.9702E-08
  6.5690E+07  4.7887E-08
  6.6451E+07  4.6137E-08
  6.7220E+07  4.4451E-08
  6.7999E+07  4.2827E-08
  6.8786E+07  4.1261E-08
  6.9582E+07  3.9752E-08
  7.0388E+07  3.8298E-08
  7.1203E+07  3.6897E-08
  7.2028E+07  3.5547E-08
  7.2862E+07  3.4246E-08
  7.3706E+07  3.2993E-08
  7.4559E+07  3.1785E-08
  7.5422E+07  3.0621E-08
  7.6296E+07  2.9499E-08
  7.7179E+07  2.8418E-08
  7.8073E+07  2.7377E-08
  7.8977E+07  2.6374E-08
  7.9891E+07  2.5407E-08
  8.0816E+07  2.4475E-08
  8.1752E+07  2.3578E-08
  8.2699E+07  2.2713E-08
  8.3657E+07  2.1880E-08
  8.4625E+07  2.1077E-08
  8.5605E+07  2.0303E-08
  8.6596E+07  1.9558E-08
  8.7599E+07  1.8840E-08
  8.8614E+07  1.8148E-08
  8.9640E+07  1.7482E-08
  9.0678E+07  1.6840E-08
  9.1728E+07  1.6221E-08
  9.2790E+07  1.5625E-08
  9.3864E+07  1.5051E-08
  9.4951E+07  1.4498E-08
  9.6051E+07  1.3965E-08
  9.7163E+07  1.3451E-08
  9.8288E+07  1.2957E-08
  9.9426E+07  1.2480E-08
